100    0.0179     66322826       36258524      
200    0.12     66324434       36259257      
300    0.2017     66326883       36260578      
400    0.2979     66330175       36262343      
500    0.5718     66335743       36265005      
600    0.9741     66341484       36268632      
700    1.2865     66347867       36272193      
800    1.6686     66356612       36276693      
900    2.3079     66366917       36282053      
1000    2.858     66377510       36287248      
1100    3.7377     66390526       36295033      
1200    5.294     66403695       36302887      
1300    5.7994     66417893       36310619      
1400    6.8945     66434280       36320306      
1500    8.464     66451362       36329757      
1600    10.2226     66472608       36340618      
1700    11.9146     66494051       36354906      
1800    13.5055     66515620       36366784      
1900    15.3526     66537433       36379633      
2000    19.3018     66562127       36394968      
2100    19.6537     66590116       36410459      
2200    23.6126     66617358       36424486      
2300    26.4952     66646658       36443013      
2400    29.9667     66681205       36462289      
2500    33.2881     66714809       36480443      
2600    37.1949     66747828       36497132      
2700    39.7208     66781798       36515105      
2800    41.0596     66821453       36539914      
2900    48.0572     66860097       36560720      
3000    53.0605     66899700       36583416      
3100    54.8316     66936746       36603650      
3200    67.5268     66978613       36628474      
3300    72.1477     67020887       36652481      
3400    74.7602     67063531       36675468      
3500    79.9919     67111384       36698178      
3600    84.8737     67161329       36724083      
3700    104.7496     67215779       36753233      
3800    101.1218     67266155       36784823      
3900    98.3827     67317941       36810994      
4000    100.9214     67369501       36841194      
4100    108.3224     67426863       36873030      
4200    109.534     67481749       36905129      
4300    122.8217     67539935       36936726      
4400    126.8556     67604973       36970568      
4500    132.3194     67666211       37004237      
4600    153.492     67730120       37041040      
4700    139.7654     67795139       37075364      
4800    151.7731     67867059       37114288      
4900    172.7135     67937768       37153067      
5000    204.1768     68006030       37189712      
5100    169.4037     68079362       37233817      
5200    186.0846     68153548       37271919      
5300    235.7916     68225154       37312509      
5400    196.1073     68299280       37357361      
5500    308.7007     68381999       37401656      
5600    259.3547     68459468       37441792      
5700    273.0322     68540777       37481431      
5800    300.9043     68620398       37529309      
5900    251.9614     68700824       37573269      
6000    293.9337     68786961       37621224      
6100    291.0489     68877074       37669899      
6200    324.5141     68969858       37722186      
6300    355.4274     69068422       37781266      
6400    344.1199     69165283       37836183      
6500    322.0383     69258989       37883345      
6600    358.9812     69360928       37937209      
6700    374.753     69468511       37992101      
6800    414.4596     69580165       38056813      
6900    449.6621     69681668       38116926      
7000    398.948     69782691       38171731      
7100    488.8668     69898222       38234923      
7200    424.5884     69999028       38290890      
7300    387.7853     70111018       38354463      
7400    443.6699     70220881       38414510      
7500    416.6099     70328208       38470588      
7600    450.1094     70437173       38528539      
7700    438.0993     70553409       38590222      
7800    539.5627     70668628       38653895      
7900    516.0433     70785311       38717579      
8000    466.9002     70898276       38778740      
8100    490.6031     71019902       38848712      
8200    588.8623     71139601       38913142      
8300    486.3636     71263154       38981940      
8400    507.3628     71386872       39055358      
8500    536.0233     71514905       39121580      
8600    530.2933     71645276       39198836      
8700    589.2735     71785010       39267533      
8800    560.258     71916348       39342597      
8900    555.8073     72054180       39420528      
9000    608.7537     72190216       39501994      
9100    618.707     72347560       39588457      
9200    734.8058     72489041       39665901      
9300    648.344     72632585       39748975      
9400    664.7072     72778944       39828464      
9500    681.6225     72922799       39909641      
9600    805.9551     73068715       39995037      
9700    771.9154     73214826       40068569      
9800    709.8645     73366710       40150649      
9900    814.3871     73521067       40242952      
10000    855.7407     73671951       40324981      
