0     0.0052     3628       1653      
0     0.0297     13929       6639      
0     0.0411     30896       14954      
0     0.0675     54528       26603      
0     0.0983     84829       41589      
0     0.1512     121796       59904      
0     0.1822     165428       81553      
0     0.2371     215729       106539      
0     0.3001     272696       134854      
0     0.3678     336328       166503      
0     0.4603     406629       201489      
0     0.5282     483596       239804      
0     0.6183     567228       281453      
0     0.7165     657529       326439      
0     0.8338     754496       374754      
0     1.0269     858128       426403      
0     1.2865     968429       481389      
0     2.5141     1085396       539704      
0     1.3192     1209028       601353      
0     1.4535     1339329       666339      
0     1.6163     1476296       734654      
0     1.7578     1619928       806303      
0     1.918     1770229       881289      
0     2.0922     1927196       959604      
0     2.2739     2090828       1041253      
0     2.5963     2261129       1126239      
0     2.998     2438096       1214554      
0     2.8627     2621728       1306203      
0     3.2092     2812029       1401189      
0     3.4426     3008996       1499504      
0     3.5206     3212628       1601153      
0     3.7456     3422929       1706139      
0     5.5132     3639896       1814454      
0     4.1998     3863528       1926103      
0     4.4507     4093829       2041089      
0     4.8054     4330796       2159404      
0     5.4659     4574428       2281053      
0     5.478     4824729       2406039      
0     7.2019     5081696       2534354      
0     6.1125     5345328       2666003      
0     6.0951     5615629       2800989      
0     6.7282     5892596       2939304      
0     7.027     6176228       3080953      
0     7.1159     6466529       3225939      
0     7.3134     6763496       3374254      
0     7.9067     7067128       3525903      
0     8.2385     7377429       3680889      
0     8.7473     7694396       3839204      
0     8.8358     8018028       4000853      
0     9.2552     8348329       4165839      
0     9.9517     8685296       4334154      
0     10.3647     9028928       4505803      
0     10.1793     9379229       4680789      
0     10.6246     9736196       4859104      
0     10.567     10099828       5040753      
0     11.0973     10470129       5225739      
0     11.3343     10847096       5414054      
0     11.7749     11230728       5605703      
0     14.5463     11621029       5800689      
0     15.1866     12017996       5999004      
0     14.0602     12421628       6200653      
0     14.5647     12831929       6405639      
0     15.1002     13248896       6613954      
0     16.5891     13672528       6825603      
0     21.7155     14102829       7040589      
0     17.7268     14539796       7258904      
0     25.9443     14983428       7480553      
0     40.3614     15433729       7705539      
0     17.375     15890696       7933854      
0     18.4149     16354328       8165503      
0     18.1682     16824629       8400489      
0     18.9332     17301596       8638804      
0     19.0452     17785228       8880453      
0     23.1686     18275529       9125439      
0     19.5968     18772496       9373754      
0     21.0911     19276128       9625403      
0     21.6713     19786429       9880389      
0     21.7327     20303396       10138704      
0     21.8971     20827028       10400353      
0     22.226     21357329       10665339      
0     23.7507     21894296       10933654      
0     23.6852     22437928       11205303      
0     26.6112     22988229       11480289      
0     25.401     23545196       11758604      
0     26.2106     24108828       12040253      
0     27.5403     24679129       12325239      
0     34.9527     25256096       12613554      
0     28.0362     25839728       12905203      
0     29.2438     26430029       13200189      
0     28.435     27026996       13498504      
0     32.5287     27630628       13800153      
0     32.4628     28240929       14105139      
0     31.3329     28857896       14413454      
0     31.504     29481528       14725103      
0     31.9469     30111829       15040089      
0     32.5361     30748796       15358404      
0     34.024     31392428       15680053      
0     34.5836     32042729       16005039      
0     35.3834     32699696       16333354      
0     35.4719     33363328       16665003      
