0     0.0043     3628       1653      
0     0.0594     13929       6639      
0     0.1081     30896       14954      
0     0.1541     54528       26603      
0     0.2031     84829       41589      
0     0.1369     121796       59904      
0     0.2081     165428       81553      
0     0.2303     215729       106539      
0     0.3145     272696       134854      
0     0.3831     336328       166503      
0     0.4462     406629       201489      
0     0.4978     483596       239804      
0     0.5978     567228       281453      
0     0.7077     657529       326439      
0     0.7663     754496       374754      
0     1.1582     858128       426403      
0     1.0824     968429       481389      
0     1.1147     1085396       539704      
0     1.1981     1209028       601353      
0     1.3266     1339329       666339      
0     1.4764     1476296       734654      
0     1.6912     1619928       806303      
0     2.0715     1770229       881289      
0     2.1927     1927196       959604      
0     2.1266     2090828       1041253      
0     2.6902     2261129       1126239      
0     2.5042     2438096       1214554      
0     2.6603     2621728       1306203      
0     3.0886     2812029       1401189      
0     3.1517     3008996       1499504      
0     3.2412     3212628       1601153      
0     3.496     3422929       1706139      
0     3.6694     3639896       1814454      
0     4.2012     3863528       1926103      
0     4.1371     4093829       2041089      
0     4.3644     4330796       2159404      
0     4.7329     4574428       2281053      
0     5.1737     4824729       2406039      
0     5.1202     5081696       2534354      
0     5.4807     5345328       2666003      
0     5.7632     5615629       2800989      
0     6.0175     5892596       2939304      
0     6.3335     6176228       3080953      
0     6.5879     6466529       3225939      
0     6.9057     6763496       3374254      
0     7.3447     7067128       3525903      
0     7.5374     7377429       3680889      
0     8.177     7694396       3839204      
0     8.9411     8018028       4000853      
0     9.5271     8348329       4165839      
0     9.6652     8685296       4334154      
0     9.2115     9028928       4505803      
0     9.5612     9379229       4680789      
0     9.75     9736196       4859104      
0     10.8831     10099828       5040753      
0     10.7201     10470129       5225739      
0     19.5192     10847096       5414054      
0     11.3468     11230728       5605703      
0     11.9552     11621029       5800689      
0     13.3392     12017996       5999004      
0     12.6664     12421628       6200653      
0     13.2084     12831929       6405639      
0     13.4663     13248896       6613954      
0     14.0334     13672528       6825603      
0     14.9162     14102829       7040589      
0     15.0877     14539796       7258904      
0     15.4291     14983428       7480553      
0     16.8261     15433729       7705539      
0     17.8158     15890696       7933854      
0     18.6575     16354328       8165503      
0     18.2847     16824629       8400489      
0     17.7534     17301596       8638804      
0     18.5609     17785228       8880453      
0     18.6661     18275529       9125439      
0     19.1267     18772496       9373754      
0     20.3622     19276128       9625403      
0     22.6323     19786429       9880389      
0     20.92     20303396       10138704      
0     21.3496     20827028       10400353      
0     21.7976     21357329       10665339      
0     22.9986     21894296       10933654      
0     23.1844     22437928       11205303      
0     23.9198     22988229       11480289      
0     24.0067     23545196       11758604      
0     25.3993     24108828       12040253      
0     25.1686     24679129       12325239      
0     25.842     25256096       12613554      
0     26.4008     25839728       12905203      
0     27.1345     26430029       13200189      
0     28.2331     27026996       13498504      
0     28.2011     27630628       13800153      
0     29.3785     28240929       14105139      
0     29.6692     28857896       14413454      
0     31.5879     29481528       14725103      
0     32.6104     30111829       15040089      
0     31.8316     30748796       15358404      
0     32.267     31392428       15680053      
0     32.845     32042729       16005039      
0     34.8442     32699696       16333354      
0     37.8468     33363328       16665003      
