100    0.031     552       453      
200    0.0029     1297       1098      
300    0.0033     2152       1853      
400    0.0039     2986       2587      
500    0.0052     3986       3487      
600    0.0063     4897       4298      
700    0.0104     5797       5098      
800    0.0081     6763       5964      
900    0.0341     7863       6964      
1000    0.0271     8963       7964      
1100    0.0405     9986       8887      
1200    0.0445     10986       9787      
1300    0.0305     11986       10687      
1400    0.0479     12986       11587      
1500    0.0146     13986       12487      
1600    0.0425     15116       13517      
1700    0.0451     16316       14617      
1800    0.0477     17516       15717      
1900    0.0492     18716       16817      
2000    0.0432     19916       17917      
2100    0.0525     21063       18964      
2200    0.0352     22163       19964      
2300    0.0539     23263       20964      
2400    0.0572     24363       21964      
2500    0.053     25463       22964      
2600    0.0368     26563       23964      
2700    0.0733     27663       24964      
2800    0.0925     28763       25964      
2900    0.0814     29863       26964      
3000    0.0808     30963       27964      
3100    0.0839     32121       29022      
3200    0.0847     33421       30222      
3300    0.0878     34721       31422      
3400    0.0807     36021       32622      
3500    0.0916     37321       33822      
3600    0.0862     38621       35022      
3700    0.0851     39921       36222      
3800    0.0709     41221       37422      
3900    0.1008     42521       38622      
4000    0.1375     43821       39822      
4100    0.1006     45116       41017      
4200    0.1011     46316       42117      
4300    0.0795     47516       43217      
4400    0.1065     48716       44317      
4500    0.1062     49916       45417      
4600    0.1371     51116       46517      
4700    0.1499     52316       47617      
4800    0.1108     53516       48717      
4900    0.1497     54716       49817      
5000    0.1046     55916       50917      
5100    0.1051     57116       52017      
5200    0.1392     58316       53117      
5300    0.1198     59516       54217      
5400    0.1195     60716       55317      
5500    0.1204     61916       56417      
5600    0.1363     63116       57517      
5700    0.0755     64316       58617      
5800    0.1155     65516       59717      
5900    0.245     66716       60817      
6000    0.1212     67916       61917      
6100    0.0906     69116       63017      
6200    0.1734     70430       64231      
6300    0.0935     71830       65531      
6400    0.0961     73230       66831      
6500    0.153     74630       68131      
6600    0.1741     76030       69431      
6700    0.1759     77430       70731      
6800    0.0964     78830       72031      
6900    0.1216     80230       73331      
7000    0.1442     81630       74631      
7100    0.152     83030       75931      
7200    0.1629     84430       77231      
7300    0.1341     85830       78531      
7400    0.1794     87230       79831      
7500    0.1766     88630       81131      
7600    0.2084     90030       82431      
7700    0.1457     91430       83731      
7800    0.1758     92830       85031      
7900    0.1698     94230       86331      
8000    0.1924     95630       87631      
8100    0.1799     97030       88931      
8200    0.1288     98421       90222      
8300    0.1613     99721       91422      
8400    0.1381     101021       92622      
8500    0.1934     102321       93822      
8600    0.1938     103621       95022      
8700    0.1806     104921       96222      
8800    0.1809     106221       97422      
8900    0.2161     107521       98622      
9000    0.1344     108821       99822      
9100    0.1911     110121       101022      
9200    0.1664     111421       102222      
9300    0.1275     112721       103422      
9400    0.1739     114021       104622      
9500    0.3537     115321       105822      
9600    0.1699     116621       107022      
9700    0.2113     117921       108222      
9800    0.1739     119221       109422      
9900    0.1763     120521       110622      
10000    0.2094     121821       111822      
