100    0.0456     552       453      
200    0.0598     1297       1098      
300    0.1863     2152       1853      
400    0.1418     2986       2587      
500    0.0576     3986       3487      
600    0.0245     4897       4298      
700    0.0397     5797       5098      
800    0.0615     6763       5964      
900    0.0293     7863       6964      
1000    0.0596     8963       7964      
1100    0.0633     9986       8887      
1200    0.0439     10986       9787      
1300    0.0608     11986       10687      
1400    0.051     12986       11587      
1500    0.0432     13986       12487      
1600    0.0313     15116       13517      
1700    0.0472     16316       14617      
1800    0.0531     17516       15717      
1900    0.0414     18716       16817      
2000    0.0559     19916       17917      
2100    0.0571     21063       18964      
2200    0.0657     22163       19964      
2300    0.0507     23263       20964      
2400    0.0506     24363       21964      
2500    0.0347     25463       22964      
2600    0.0526     26563       23964      
2700    0.0526     27663       24964      
2800    0.0755     28763       25964      
2900    0.0542     29863       26964      
3000    0.0793     30963       27964      
3100    0.0492     32121       29022      
3200    0.0377     33421       30222      
3300    0.0356     34721       31422      
3400    0.0528     36021       32622      
3500    0.0772     37321       33822      
3600    0.1383     38621       35022      
3700    0.058     39921       36222      
3800    0.0872     41221       37422      
3900    0.1071     42521       38622      
4000    0.1192     43821       39822      
4100    0.0782     45116       41017      
4200    0.0948     46316       42117      
4300    0.0675     47516       43217      
4400    0.0951     48716       44317      
4500    0.079     49916       45417      
4600    0.0849     51116       46517      
4700    0.1012     52316       47617      
4800    0.1063     53516       48717      
4900    0.0983     54716       49817      
5000    0.144     55916       50917      
5100    0.3105     57116       52017      
5200    0.1518     58316       53117      
5300    0.1137     59516       54217      
5400    0.1266     60716       55317      
5500    0.102     61916       56417      
5600    0.0995     63116       57517      
5700    0.1377     64316       58617      
5800    0.1438     65516       59717      
5900    0.137     66716       60817      
6000    0.1541     67916       61917      
6100    0.1138     69116       63017      
6200    0.1412     70430       64231      
6300    0.105     71830       65531      
6400    0.1672     73230       66831      
6500    0.2142     74630       68131      
6600    0.1472     76030       69431      
6700    0.162     77430       70731      
6800    0.1259     78830       72031      
6900    0.1295     80230       73331      
7000    0.1447     81630       74631      
7100    0.1404     83030       75931      
7200    0.1403     84430       77231      
7300    0.1535     85830       78531      
7400    0.1467     87230       79831      
7500    0.1702     88630       81131      
7600    0.134     90030       82431      
7700    0.1364     91430       83731      
7800    0.1382     92830       85031      
7900    0.1551     94230       86331      
8000    0.1404     95630       87631      
8100    0.1371     97030       88931      
8200    0.1424     98421       90222      
8300    0.1544     99721       91422      
8400    0.1582     101021       92622      
8500    0.1598     102321       93822      
8600    0.1676     103621       95022      
8700    0.1625     104921       96222      
8800    0.1665     106221       97422      
8900    0.1532     107521       98622      
9000    0.1905     108821       99822      
9100    0.1643     110121       101022      
9200    0.1807     111421       102222      
9300    0.2952     112721       103422      
9400    0.1689     114021       104622      
9500    0.1826     115321       105822      
9600    0.1744     116621       107022      
9700    0.161     117921       108222      
9800    0.2246     119221       109422      
9900    0.1908     120521       110622      
10000    0.2814     121821       111822      
