100     0.4343     4950       5049      
200     1.5749     19900       20099      
300     1.5738     44850       45149      
400     0.7671     79800       80199      
500     1.1028     124750       125249      
600     1.673     179700       180299      
700     1.6956     244650       245349      
800     2.9404     319600       320399      
900     3.3832     404550       405449      
1000     0.5311     499500       500499      
1100     0.6292     604450       605549      
1200     0.742     719400       720599      
1300     0.8215     844350       845649      
1400     2.2061     979300       980699      
1500     0.9789     1124250       1125749      
1600     1.0924     1279200       1280799      
1700     1.2107     1444150       1445849      
1800     1.6021     1619100       1620899      
1900     1.8811     1804050       1805949      
2000     1.9176     1999000       2000999      
2100     1.9708     2203950       2206049      
2200     2.8407     2418900       2421099      
2300     2.6226     2643850       2646149      
2400     3.0228     2878800       2881199      
2500     2.6963     3123750       3126249      
2600     3.012     3378700       3381299      
2700     3.8099     3643650       3646349      
2800     3.3841     3918600       3921399      
2900     3.3343     4203550       4206449      
3000     4.1765     4498500       4501499      
3100     3.786     4803450       4806549      
3200     4.5906     5118400       5121599      
3300     5.0604     5443350       5446649      
3400     4.8039     5778300       5781699      
3500     5.5425     6123250       6126749      
3600     5.5594     6478200       6481799      
3700     5.9075     6843150       6846849      
3800     5.7983     7218100       7221899      
3900     6.0808     7603050       7606949      
4000     7.3005     7998000       8001999      
4100     6.6969     8402950       8407049      
4200     7.5343     8817900       8822099      
4300     8.1927     9242850       9247149      
4400     8.642     9677800       9682199      
4500     7.9461     10122750       10127249      
4600     8.9534     10577700       10582299      
4700     9.7862     11042650       11047349      
4800     10.6523     11517600       11522399      
4900     10.425     12002550       12007449      
5000     12.7888     12497500       12502499      
5100     11.6827     13002450       13007549      
5200     22.0249     13517400       13522599      
5300     16.7336     14042350       14047649      
5400     13.4357     14577300       14582699      
5500     12.6081     15122250       15127749      
5600     12.9841     15677200       15682799      
5700     14.2345     16242150       16247849      
5800     15.0821     16817100       16822899      
5900     15.8747     17402050       17407949      
6000     16.6839     17997000       18002999      
6100     15.5482     18601950       18608049      
6200     16.8466     19216900       19223099      
6300     16.3554     19841850       19848149      
6400     17.3811     20476800       20483199      
6500     18.219     21121750       21128249      
6600     18.1085     21776700       21783299      
6700     18.8689     22441650       22448349      
6800     18.348     23116600       23123399      
6900     19.8502     23801550       23808449      
7000     22.9594     24496500       24503499      
7100     20.5097     25201450       25208549      
7200     22.5581     25916400       25923599      
7300     22.868     26641350       26648649      
7400     27.9752     27376300       27383699      
7500     22.9203     28121250       28128749      
7600     27.8245     28876200       28883799      
7700     35.3054     29641150       29648849      
7800     35.6965     30416100       30423899      
7900     39.9237     31201050       31208949      
8000     46.5331     31996000       32003999      
8100     28.2472     32800950       32809049      
8200     30.1477     33615900       33624099      
8300     28.5853     34440850       34449149      
8400     31.6217     35275800       35284199      
8500     30.2821     36120750       36129249      
8600     30.7584     36975700       36984299      
8700     31.2791     37840650       37849349      
8800     32.6286     38715600       38724399      
8900     33.7815     39600550       39609449      
9000     34.0488     40495500       40504499      
9100     36.8823     41400450       41409549      
9200     35.168     42315400       42324599      
9300     35.3365     43240350       43249649      
9400     38.3242     44175300       44184699      
9500     38.8002     45120250       45129749      
9600     41.7287     46075200       46084799      
9700     41.1198     47040150       47049849      
9800     40.5798     48015100       48024899      
9900     40.8128     49000050       49009949      
10000     42.387     49995000       50004999      
