100     0.005     4950       5049      
200     0.0213     19900       20099      
300     0.0944     44850       45149      
400     0.1445     79800       80199      
500     0.1973     124750       125249      
600     0.286     179700       180299      
700     0.2906     244650       245349      
800     0.3734     319600       320399      
900     0.746     404550       405449      
1000     0.7265     499500       500499      
1100     0.5402     604450       605549      
1200     0.6663     719400       720599      
1300     0.7702     844350       845649      
1400     1.0441     979300       980699      
1500     0.9679     1124250       1125749      
1600     1.1497     1279200       1280799      
1700     1.4187     1444150       1445849      
1800     1.4777     1619100       1620899      
1900     1.5282     1804050       1805949      
2000     1.7627     1999000       2000999      
2100     2.37     2203950       2206049      
2200     2.0437     2418900       2421099      
2300     2.1595     2643850       2646149      
2400     2.293     2878800       2881199      
2500     2.5646     3123750       3126249      
2600     3.0802     3378700       3381299      
2700     3.1055     3643650       3646349      
2800     3.1465     3918600       3921399      
2900     3.454     4203550       4206449      
3000     3.6586     4498500       4501499      
3100     4.1317     4803450       4806549      
3200     4.2923     5118400       5121599      
3300     4.3569     5443350       5446649      
3400     5.2442     5778300       5781699      
3500     5.0522     6123250       6126749      
3600     5.0431     6478200       6481799      
3700     8.1776     6843150       6846849      
3800     5.7485     7218100       7221899      
3900     6.4505     7603050       7606949      
4000     6.5028     7998000       8001999      
4100     6.8543     8402950       8407049      
4200     7.567     8817900       8822099      
4300     7.5038     9242850       9247149      
4400     8.4354     9677800       9682199      
4500     8.4596     10122750       10127249      
4600     8.7627     10577700       10582299      
4700     9.3887     11042650       11047349      
4800     9.1868     11517600       11522399      
4900     10.8814     12002550       12007449      
5000     10.4279     12497500       12502499      
5100     10.9414     13002450       13007549      
5200     11.1121     13517400       13522599      
5300     11.8871     14042350       14047649      
5400     11.361     14577300       14582699      
5500     12.3963     15122250       15127749      
5600     13.1473     15677200       15682799      
5700     14.8741     16242150       16247849      
5800     14.8434     16817100       16822899      
5900     19.1511     17402050       17407949      
6000     21.6972     17997000       18002999      
6100     15.6681     18601950       18608049      
6200     15.8038     19216900       19223099      
6300     16.6624     19841850       19848149      
6400     16.4783     20476800       20483199      
6500     17.4973     21121750       21128249      
6600     17.5995     21776700       21783299      
6700     18.6593     22441650       22448349      
6800     19.0898     23116600       23123399      
6900     21.3125     23801550       23808449      
7000     19.8129     24496500       24503499      
7100     20.9427     25201450       25208549      
7200     20.9056     25916400       25923599      
7300     24.0949     26641350       26648649      
7400     22.79     27376300       27383699      
7500     24.1313     28121250       28128749      
7600     23.9878     28876200       28883799      
7700     27.3135     29641150       29648849      
7800     25.0652     30416100       30423899      
7900     26.0139     31201050       31208949      
8000     26.2196     31996000       32003999      
8100     28.0055     32800950       32809049      
8200     26.8387     33615900       33624099      
8300     29.4279     34440850       34449149      
8400     30.3402     35275800       35284199      
8500     29.8177     36120750       36129249      
8600     32.7121     36975700       36984299      
8700     32.6071     37840650       37849349      
8800     51.1854     38715600       38724399      
8900     39.2027     39600550       39609449      
9000     37.4014     40495500       40504499      
9100     36.3164     41400450       41409549      
9200     37.2662     42315400       42324599      
9300     35.369     43240350       43249649      
9400     37.1163     44175300       44184699      
9500     36.8648     45120250       45129749      
9600     37.2657     46075200       46084799      
9700     39.1398     47040150       47049849      
9800     41.2442     48015100       48024899      
9900     40.3387     49000050       49009949      
10000     41.2007     49995000       50004999      
