100     0.0069     4950       5049      
200     0.0484     19900       20099      
300     0.0737     44850       45149      
400     0.1135     79800       80199      
500     0.1615     124750       125249      
600     0.2244     179700       180299      
700     0.2922     244650       245349      
800     0.3734     319600       320399      
900     0.4705     404550       405449      
1000     0.5405     499500       500499      
1100     0.7982     604450       605549      
1200     0.9487     719400       720599      
1300     0.9548     844350       845649      
1400     1.1527     979300       980699      
1500     1.1876     1124250       1125749      
1600     1.4014     1279200       1280799      
1700     1.5669     1444150       1445849      
1800     1.9969     1619100       1620899      
1900     2.1878     1804050       1805949      
2000     2.5257     1999000       2000999      
2100     2.4364     2203950       2206049      
2200     2.2309     2418900       2421099      
2300     2.547     2643850       2646149      
2400     4.4389     2878800       2881199      
2500     3.7359     3123750       3126249      
2600     3.3157     3378700       3381299      
2700     4.4143     3643650       3646349      
2800     4.1188     3918600       3921399      
2900     3.8568     4203550       4206449      
3000     4.1288     4498500       4501499      
3100     5.5565     4803450       4806549      
3200     5.2312     5118400       5121599      
3300     5.7706     5443350       5446649      
3400     5.7567     5778300       5781699      
3500     5.3188     6123250       6126749      
3600     5.9632     6478200       6481799      
3700     6.009     6843150       6846849      
3800     6.4974     7218100       7221899      
3900     7.8942     7603050       7606949      
4000     7.288     7998000       8001999      
4100     9.248     8402950       8407049      
4200     8.9374     8817900       8822099      
4300     8.4577     9242850       9247149      
4400     12.7331     9677800       9682199      
4500     14.8171     10122750       10127249      
4600     13.1167     10577700       10582299      
4700     13.5416     11042650       11047349      
4800     17.6746     11517600       11522399      
4900     14.0875     12002550       12007449      
5000     14.5537     12497500       12502499      
5100     23.0038     13002450       13007549      
5200     21.8821     13517400       13522599      
5300     21.6283     14042350       14047649      
5400     17.9885     14577300       14582699      
5500     19.4765     15122250       15127749      
5600     19.7267     15677200       15682799      
5700     20.5109     16242150       16247849      
5800     16.9568     16817100       16822899      
5900     17.3531     17402050       17407949      
6000     17.7223     17997000       18002999      
6100     18.2376     18601950       18608049      
6200     18.4624     19216900       19223099      
6300     20.0547     19841850       19848149      
6400     19.1917     20476800       20483199      
6500     21.226     21121750       21128249      
6600     22.3281     21776700       21783299      
6700     28.2513     22441650       22448349      
6800     22.719     23116600       23123399      
6900     25.4237     23801550       23808449      
7000     34.9857     24496500       24503499      
7100     41.1237     25201450       25208549      
7200     35.8787     25916400       25923599      
7300     43.2045     26641350       26648649      
7400     28.4578     27376300       27383699      
7500     28.7147     28121250       28128749      
7600     28.9487     28876200       28883799      
7700     29.2927     29641150       29648849      
7800     31.3205     30416100       30423899      
7900     34.1151     31201050       31208949      
8000     52.5356     31996000       32003999      
8100     47.0762     32800950       32809049      
8200     33.6386     33615900       33624099      
8300     38.2079     34440850       34449149      
8400     36.4913     35275800       35284199      
8500     35.4744     36120750       36129249      
8600     37.6739     36975700       36984299      
8700     45.7924     37840650       37849349      
8800     54.6247     38715600       38724399      
8900     52.9217     39600550       39609449      
9000     46.6253     40495500       40504499      
9100     38.2619     41400450       41409549      
9200     61.332     42315400       42324599      
9300     46.1704     43240350       43249649      
9400     56.371     44175300       44184699      
9500     51.8127     45120250       45129749      
9600     43.7307     46075200       46084799      
9700     44.8652     47040150       47049849      
9800     48.3898     48015100       48024899      
9900     54.5341     49000050       49009949      
10000     47.1029     49995000       50004999      
