1   6106529800
2   5831285800
3   5858280700
4   5235865200
5   5666870400
6   7504706700
7   4837481400
8   5102173500
9   6037218100
10   6606210100
11   4951700700
12   4343353900
13   5474869700
14   5556148300
15   4838360500
16   6098176600
17   6264787500
18   8688282100
19   6668178500
20   5810395600
21   5667883000
22   3706868500
23   5718814700
24   6060398100
25   3837996800
26   6629390600
27   6481926300
28   6306264000
29   7587120200
30   5858866800
31   6209769800
32   4482277300
33   6977032100
34   5670119900
35   4426990700
36   8163547200
37   6067456500
38   6675919400
39   7603665000
40   4207884600
41   5717503500
42   6640738600
43   6067469900
44   4058783500
45   5176222600
46   6304291500
47   7183748100
48   5164863800
49   6992473000
50   6977465100