1   386345000    1314
2   385984100    1519
3   601869300    2255
4   435396600    1576
5   397950600    1408
6   438336100    1416
7   452306700    1402
8   552564800    1842
9   346858800    1187
10   456104100    1298
11   734767100    1279
12   462269600    1819
13   383415200    1497
14   344136300    1284
15   340585600    946
16   523367400    1825
17   663239300    1961
18   566073800    2237
19   453009600    1748
20   400934300    1282
21   429843600    1402
22   394236100    1419
23   419448400    1620
24   541749600    1947
25   424855300    1326
26   423381700    1258
27   627777800    1965
28   426353500    1329
29   405467900    1200
30   635487900    1903
31   442519400    1307
32   551463600    1611
33   679000700    1411
34   804535700    2071
35   725018500    1924
36   610760800    1487
37   506200400    1413
38   454338700    1270
39   447778500    1397
40   522046400    1412
41   515341200    1437
42   476235900    1192
43   593722100    1824
44   480468600    1312
45   558143600    1587
46   551387800    1300
47   619360000    1510
48   503968900    1567
49   392760600    1124
50   723077100    1906