1   65300    5
2   90400    6
3   137500    9
4   220600    10
5   157800    18
6   47700    8
7   38800    8
8   71200    8
9   27300    6
10   31000    8
11   31100    7
12   86400    7
13   28600    6
14   19200    6
15   50300    8
16   14000    6
17   19400    5
18   37000    5
19   20500    7
20   20900    5
21   20500    7
22   21900    7
23   21600    5
24   51200    8
25   25500    7
26   30700    11
27   32600    16
28   30200    15
29   16500    5
30   17800    5
31   18700    5
32   18500    7
33   13000    5
34   54800    8
35   74400    5
36   51900    5
37   16700    6
38   20700    10
39   44900    12
40   20300    7
41   16300    6
42   21500    7
43   16500    5
44   21200    11
45   45600    9
46   29400    14
47   13700    6
48   37500    11
49   11100    5
50   34300    7