1   4980100    122
2   8758100    293
3   5800500    210
4   8242900    198
5   7719600    234
6   6495300    228
7   3154400    161
8   4387700    198
9   7286800    297
10   6295700    269
11   8582100    306
12   5061700    182
13   5900800    254
14   5192900    239
15   7116100    209
16   4692400    153
17   5840400    257
18   4207700    198
19   5062200    202
20   4149200    183
21   5062800    190
22   9459200    367
23   4728800    186
24   3814000    147
25   5507100    186
26   5435800    284
27   3999800    214
28   5179900    259
29   8222600    387
30   4129200    194
31   4624300    206
32   4545200    186
33   4135200    212
34   4455000    253
35   5223100    287
36   3989600    199
37   4349500    252
38   8557900    225
39   4455900    181
40   6376400    326
41   10249000    282
42   4548100    162
43   3767000    162
44   4172400    180
45   3620800    158
46   7228700    286
47   6552800    242
48   3745700    145
49   4979300    200
50   5323100    206