1    10357   49904600
2    10262   18159900
3    10259   26356300
4    10414   25847700
5    10255   17091800
6    10223   11474200
7    10390   26866600
8    10390   20799000
9    10247   12546300
10    10445   21310800
11    10382   14154400
12    10268   24485600
13    10358   17082900
14    10431   20961400
15    10215   20396300
16    10372   21282200
17    10481   28575900
18    10296   18380200
19    10367   14948300
20    10298   17959500
21    10325   23140800
22    10467   19506700
23    10302   17893200
24    10288   16817200
25    10308   17200600
26    10382   19547700
27    10209   17562900
28    10361   17710600
29    10458   16223500
30    10420   26859600
31    10293   17364400
32    10352   17790900
33    10320   25143000
34    10186   13544200
35    10313   22209800
36    10342   18840700
37    10374   21578200
38    10285   19013600
39    10468   26769600
40    10311   22729000
41    10465   28971300
42    10437   27126200
43    10512   29036200
44    10428   19234500
45    10399   17025300
46    10286   21922300
47    10385   13224400
48    10327   16956300
49    10355   20559900
50    10416   16573300