0     0.2864     9999       5049      
0     0.6541     39999       20099      
0     0.3143     89999       45149      
0     0.5149     159999       80199      
0     0.7672     249999       125249      
0     1.5861     359999       180299      
0     2.2361     489999       245349      
0     0.9978     639999       320399      
0     0.3094     809999       405449      
0     0.3951     999999       500499      
0     0.5361     1209999       605549      
0     0.5096     1439999       720599      
0     0.648     1689999       845649      
0     0.6767     1959999       980699      
0     0.855     2249999       1125749      
0     1.0032     2559999       1280799      
0     1.1308     2889999       1445849      
0     2.1474     3239999       1620899      
0     1.4315     3609999       1805949      
0     1.6873     3999999       2000999      
0     1.7178     4409999       2206049      
0     1.8984     4839999       2421099      
0     2.0702     5289999       2646149      
0     2.2527     5759999       2881199      
0     2.7854     6249999       3126249      
0     2.8297     6759999       3381299      
0     2.8347     7289999       3646349      
0     3.1307     7839999       3921399      
0     3.3427     8409999       4206449      
0     3.5321     8999999       4501499      
0     3.8975     9609999       4806549      
0     4.0227     10239999       5121599      
0     4.2102     10889999       5446649      
0     4.7068     11559999       5781699      
0     4.8378     12249999       6126749      
0     5.071     12959999       6481799      
0     5.3791     13689999       6846849      
0     5.6562     14439999       7221899      
0     6.5395     15209999       7606949      
0     6.402     15999999       8001999      
0     6.5     16809999       8407049      
0     6.6775     17639999       8822099      
0     7.4971     18489999       9247149      
0     8.6849     19359999       9682199      
0     7.7908     20249999       10127249      
0     8.2278     21159999       10582299      
0     10.0419     22089999       11047349      
0     13.1269     23039999       11522399      
0     9.5986     24009999       12007449      
0     10.2952     24999999       12502499      
0     10.6325     26009999       13007549      
0     10.6934     27039999       13522599      
0     11.1026     28089999       14047649      
0     11.5649     29159999       14582699      
0     11.6416     30249999       15127749      
0     12.2727     31359999       15682799      
0     12.4924     32489999       16247849      
0     13.2632     33639999       16822899      
0     13.7309     34809999       17407949      
0     14.8603     35999999       18002999      
0     14.3873     37209999       18608049      
0     15.4151     38439999       19223099      
0     15.0974     39689999       19848149      
0     16.6891     40959999       20483199      
0     18.734     42249999       21128249      
0     17.6363     43559999       21783299      
0     17.94     44889999       22448349      
0     18.3761     46239999       23123399      
0     19.4305     47609999       23808449      
0     19.4215     48999999       24503499      
0     20.4069     50409999       25208549      
0     21.1705     51839999       25923599      
0     23.6835     53289999       26648649      
0     21.6858     54759999       27383699      
0     22.1581     56249999       28128749      
0     22.8251     57759999       28883799      
0     23.6751     59289999       29648849      
0     24.694     60839999       30423899      
0     24.9828     62409999       31208949      
0     25.7647     63999999       32003999      
0     27.7306     65609999       32809049      
0     27.5081     67239999       33624099      
0     29.3853     68889999       34449149      
0     27.7695     70559999       35284199      
0     28.774     72249999       36129249      
0     30.8353     73959999       36984299      
0     29.9442     75689999       37849349      
0     31.123     77439999       38724399      
0     31.8457     79209999       39609449      
0     32.1042     80999999       40504499      
0     32.6332     82809999       41409549      
0     33.4362     84639999       42324599      
0     35.7427     86489999       43249649      
0     36.519     88359999       44184699      
0     35.9281     90249999       45129749      
0     37.0481     92159999       46084799      
0     38.6346     94089999       47049849      
0     38.8483     96039999       48024899      
0     41.2435     98009999       49009949      
0     41.0882     99999999       50004999      
0     0.2809     5049       5049      
0     0.7816     20099       20099      
0     0.3839     45149       45149      
0     0.4911     80199       80199      
0     0.7974     125249       125249      
0     1.1127     180299       180299      
0     1.7467     245349       245349      
0     2.8058     320399       320399      
0     3.6054     405449       405449      
0     0.5404     500499       500499      
0     0.5112     605549       605549      
0     0.6107     720599       720599      
0     0.7465     845649       845649      
0     0.8069     980699       980699      
0     0.9226     1125749       1125749      
0     1.0502     1280799       1280799      
0     1.1759     1445849       1445849      
0     1.3159     1620899       1620899      
0     1.4786     1805949       1805949      
0     1.6178     2000999       2000999      
0     1.7269     2206049       2206049      
0     1.8476     2421099       2421099      
0     2.6689     2646149       2646149      
0     2.2072     2881199       2881199      
0     2.3721     3126249       3126249      
0     2.5206     3381299       3381299      
0     2.763     3646349       3646349      
0     3.0097     3921399       3921399      
0     3.2266     4206449       4206449      
0     3.6751     4501499       4501499      
0     3.6632     4806549       4806549      
0     3.9093     5121599       5121599      
0     4.5653     5446649       5446649      
0     4.5958     5781699       5781699      
0     4.704     6126749       6126749      
0     5.104     6481799       6481799      
0     5.2231     6846849       6846849      
0     5.4307     7221899       7221899      
0     5.8888     7606949       7606949      
0     6.2356     8001999       8001999      
0     6.2955     8407049       8407049      
0     7.0698     8822099       8822099      
0     7.6156     9247149       9247149      
0     7.4044     9682199       9682199      
0     7.7561     10127249       10127249      
0     8.147     10582299       10582299      
0     8.6368     11047349       11047349      
0     8.801     11522399       11522399      
0     9.3838     12007449       12007449      
0     10.2105     12502499       12502499      
0     10.2971     13007549       13007549      
0     10.7459     13522599       13522599      
0     10.8616     14047649       14047649      
0     11.3448     14582699       14582699      
0     11.8332     15127749       15127749      
0     12.1271     15682799       15682799      
0     12.384     16247849       16247849      
0     13.5312     16822899       16822899      
0     13.8316     17407949       17407949      
0     13.5751     18002999       18002999      
0     14.5722     18608049       18608049      
0     14.9561     19223099       19223099      
0     15.158     19848149       19848149      
0     15.7866     20483199       20483199      
0     16.8967     21128249       21128249      
0     17.1809     21783299       21783299      
0     17.4893     22448349       22448349      
0     17.3169     23123399       23123399      
0     17.7508     23808449       23808449      
0     18.3369     24503499       24503499      
0     20.9079     25208549       25208549      
0     19.6251     25923599       25923599      
0     19.9565     26648649       26648649      
0     22.3256     27383699       27383699      
0     22.6856     28128749       28128749      
0     22.2874     28883799       28883799      
0     22.6165     29648849       29648849      
0     24.4277     30423899       30423899      
0     24.0305     31208949       31208949      
0     26.0325     32003999       32003999      
0     25.2019     32809049       32809049      
0     26.2714     33624099       33624099      
0     26.2786     34449149       34449149      
0     28.0295     35284199       35284199      
0     29.2097     36129249       36129249      
0     29.9064     36984299       36984299      
0     29.2636     37849349       37849349      
0     29.6186     38724399       38724399      
0     30.2861     39609449       39609449      
0     31.2579     40504499       40504499      
0     31.508     41409549       41409549      
0     32.3141     42324599       42324599      
0     33.5093     43249649       43249649      
0     35.8024     44184699       44184699      
0     37.1652     45129749       45129749      
0     35.7209     46084799       46084799      
0     35.9397     47049849       47049849      
0     37.3529     48024899       48024899      
0     38.5992     49009949       49009949      
0     39.7879     50004999       50004999      
0     0.2966     5049       5049      
0     0.5829     20099       20099      
0     0.3117     45149       45149      
0     0.6008     80199       80199      
0     0.7801     125249       125249      
0     1.5652     180299       180299      
0     2.228     245349       245349      
0     1.9533     320399       320399      
0     0.3826     405449       405449      
0     0.5053     500499       500499      
0     0.5096     605549       605549      
0     0.6747     720599       720599      
0     0.6986     845649       845649      
0     0.8071     980699       980699      
0     0.9895     1125749       1125749      
0     1.0652     1280799       1280799      
0     1.2025     1445849       1445849      
0     1.3247     1620899       1620899      
0     1.482     1805949       1805949      
0     1.5702     2000999       2000999      
0     1.7034     2206049       2206049      
0     1.8617     2421099       2421099      
0     2.0533     2646149       2646149      
0     2.2327     2881199       2881199      
0     2.4483     3126249       3126249      
0     2.5995     3381299       3381299      
0     2.793     3646349       3646349      
0     3.0104     3921399       3921399      
0     3.129     4206449       4206449      
0     3.6084     4501499       4501499      
0     3.6649     4806549       4806549      
0     4.2473     5121599       5121599      
0     4.0863     5446649       5446649      
0     4.2868     5781699       5781699      
0     4.6728     6126749       6126749      
0     5.1799     6481799       6481799      
0     5.6257     6846849       6846849      
0     5.6606     7221899       7221899      
0     5.821     7606949       7606949      
0     5.9996     8001999       8001999      
0     6.5229     8407049       8407049      
0     6.625     8822099       8822099      
0     7.8104     9247149       9247149      
0     7.4606     9682199       9682199      
0     8.4603     10127249       10127249      
0     8.4087     10582299       10582299      
0     9.531     11047349       11047349      
0     16.4611     11522399       11522399      
0     9.5373     12007449       12007449      
0     9.9725     12502499       12502499      
0     9.861     13007549       13007549      
0     11.74     13522599       13522599      
0     19.3715     14047649       14047649      
0     11.188     14582699       14582699      
0     11.5365     15127749       15127749      
0     12.2258     15682799       15682799      
0     12.383     16247849       16247849      
0     12.2555     16822899       16822899      
0     13.0619     17407949       17407949      
0     13.3004     18002999       18002999      
0     13.938     18608049       18608049      
0     15.5908     19223099       19223099      
0     15.2072     19848149       19848149      
0     16.5738     20483199       20483199      
0     16.6529     21128249       21128249      
0     17.2603     21783299       21783299      
0     17.2945     22448349       22448349      
0     18.5093     23123399       23123399      
0     18.2965     23808449       23808449      
0     19.5601     24503499       24503499      
0     19.7157     25208549       25208549      
0     18.9304     25923599       25923599      
0     19.8221     26648649       26648649      
0     23.0119     27383699       27383699      
0     21.6224     28128749       28128749      
0     21.5526     28883799       28883799      
0     23.1667     29648849       29648849      
0     23.1253     30423899       30423899      
0     24.8068     31208949       31208949      
0     32.1871     32003999       32003999      
0     25.1968     32809049       32809049      
0     27.0241     33624099       33624099      
0     27.0827     34449149       34449149      
0     27.6053     35284199       35284199      
0     27.5772     36129249       36129249      
0     29.6925     36984299       36984299      
0     42.2741     37849349       37849349      
0     43.8571     38724399       38724399      
0     30.0409     39609449       39609449      
0     31.4487     40504499       40504499      
0     31.5632     41409549       41409549      
0     33.1848     42324599       42324599      
0     33.8786     43249649       43249649      
0     33.701     44184699       44184699      
0     36.0702     45129749       45129749      
0     36.5909     46084799       46084799      
0     40.9802     47049849       47049849      
0     39.0045     48024899       48024899      
0     37.0177     49009949       49009949      
0     37.148     50004999       50004999      
0     0.3419     5049       5049      
0     0.5853     20099       20099      
0     0.301     45149       45149      
0     0.503     80199       80199      
0     0.8376     125249       125249      
0     1.3057     180299       180299      
0     1.6927     245349       245349      
0     2.8575     320399       320399      
0     3.6234     405449       405449      
0     0.6179     500499       500499      
0     0.5026     605549       605549      
0     0.595     720599       720599      
0     0.7043     845649       845649      
0     0.7809     980699       980699      
0     0.9324     1125749       1125749      
0     1.0385     1280799       1280799      
0     1.182     1445849       1445849      
0     1.3055     1620899       1620899      
0     1.4532     1805949       1805949      
0     1.6651     2000999       2000999      
0     1.6974     2206049       2206049      
0     1.8456     2421099       2421099      
0     2.0757     2646149       2646149      
0     2.2682     2881199       2881199      
0     2.3762     3126249       3126249      
0     2.6012     3381299       3381299      
0     2.9166     3646349       3646349      
0     3.7553     3921399       3921399      
0     3.2123     4206449       4206449      
0     3.658     4501499       4501499      
0     3.9699     4806549       4806549      
0     3.9133     5121599       5121599      
0     4.1588     5446649       5446649      
0     4.514     5781699       5781699      
0     7.6459     6126749       6126749      
0     8.5346     6481799       6481799      
0     8.2916     6846849       6846849      
0     6.0734     7221899       7221899      
0     6.8982     7606949       7606949      
0     9.5337     8001999       8001999      
0     8.226     8407049       8407049      
0     7.3239     8822099       8822099      
0     7.8644     9247149       9247149      
0     11.4742     9682199       9682199      
0     10.0408     10127249       10127249      
0     8.1989     10582299       10582299      
0     13.9338     11047349       11047349      
0     16.9617     11522399       11522399      
0     11.4817     12007449       12007449      
0     12.6334     12502499       12502499      
0     10.3178     13007549       13007549      
0     12.9705     13522599       13522599      
0     10.8407     14047649       14047649      
0     11.8063     14582699       14582699      
0     11.9668     15127749       15127749      
0     11.9254     15682799       15682799      
0     12.8979     16247849       16247849      
0     12.8816     16822899       16822899      
0     13.3879     17407949       17407949      
0     13.5352     18002999       18002999      
0     14.0993     18608049       18608049      
0     15.1001     19223099       19223099      
0     16.0113     19848149       19848149      
0     15.621     20483199       20483199      
0     15.9697     21128249       21128249      
0     16.6458     21783299       21783299      
0     17.3199     22448349       22448349      
0     17.9178     23123399       23123399      
0     18.905     23808449       23808449      
0     18.5992     24503499       24503499      
0     19.7201     25208549       25208549      
0     20.666     25923599       25923599      
0     20.2514     26648649       26648649      
0     21.1984     27383699       27383699      
0     22.1073     28128749       28128749      
0     33.4124     28883799       28883799      
0     22.6816     29648849       29648849      
0     23.9597     30423899       30423899      
0     23.824     31208949       31208949      
0     25.1318     32003999       32003999      
0     26.6702     32809049       32809049      
0     31.6053     33624099       33624099      
0     32.1762     34449149       34449149      
0     35.1907     35284199       35284199      
0     29.0405     36129249       36129249      
0     29.2919     36984299       36984299      
0     29.6901     37849349       37849349      
0     30.3142     38724399       38724399      
0     30.1447     39609449       39609449      
0     32.1374     40504499       40504499      
0     32.322     41409549       41409549      
0     33.3712     42324599       42324599      
0     34.2633     43249649       43249649      
0     34.7015     44184699       44184699      
0     34.5975     45129749       45129749      
0     35.6933     46084799       46084799      
0     36.2983     47049849       47049849      
0     38.9813     48024899       48024899      
0     49.6857     49009949       49009949      
0     39.9624     50004999       50004999      
0     0.3477     0       0      
0     0.5877     0       0      
0     0.3709     0       0      
0     0.4544     0       0      
0     0.7659     0       0      
0     1.3074     0       0      
0     1.9874     0       0      
0     0.1437     0       0      
0     0.0935     0       0      
0     0.1468     0       0      
0     0.1284     0       0      
0     0.1609     0       0      
0     0.1716     0       0      
0     0.1966     0       0      
0     0.2345     0       0      
0     0.2558     0       0      
0     0.3052     0       0      
0     0.3202     0       0      
0     0.3464     0       0      
0     0.4409     0       0      
0     0.4653     0       0      
0     0.5391     0       0      
0     0.5425     0       0      
0     0.5691     0       0      
0     0.6268     0       0      
0     0.637     0       0      
0     0.6996     0       0      
0     0.7391     0       0      
0     0.785     0       0      
0     0.8657     0       0      
0     0.9168     0       0      
0     0.9893     0       0      
0     1.0711     0       0      
0     1.1887     0       0      
0     1.1915     0       0      
0     1.266     0       0      
0     1.4053     0       0      
0     1.3757     0       0      
0     1.5056     0       0      
0     1.4893     0       0      
0     1.5842     0       0      
0     1.6186     0       0      
0     1.7362     0       0      
0     1.844     0       0      
0     2.1359     0       0      
0     2.0999     0       0      
0     2.22     0       0      
0     2.101     0       0      
0     2.26     0       0      
0     2.3137     0       0      
0     2.7795     0       0      
0     2.755     0       0      
0     2.6845     0       0      
0     5.1946     0       0      
0     3.144     0       0      
0     2.993     0       0      
0     3.1992     0       0      
0     3.1022     0       0      
0     3.3028     0       0      
0     3.3654     0       0      
0     3.4184     0       0      
0     3.5322     0       0      
0     3.7582     0       0      
0     3.8312     0       0      
0     4.2723     0       0      
0     4.7638     0       0      
0     4.3366     0       0      
0     4.4632     0       0      
0     4.7562     0       0      
0     4.8694     0       0      
0     4.8143     0       0      
0     4.7929     0       0      
0     5.4098     0       0      
0     5.0988     0       0      
0     5.376     0       0      
0     6.1275     0       0      
0     5.3741     0       0      
0     5.6018     0       0      
0     5.9961     0       0      
0     6.0072     0       0      
0     6.4472     0       0      
0     6.3058     0       0      
0     6.5035     0       0      
0     6.5334     0       0      
0     7.0553     0       0      
0     7.6482     0       0      
0     6.9632     0       0      
0     8.1977     0       0      
0     7.464     0       0      
0     7.8114     0       0      
0     7.8594     0       0      
0     7.8442     0       0      
0     8.4064     0       0      
0     8.4587     0       0      
0     8.3707     0       0      
0     8.5329     0       0      
0     8.6934     0       0      
0     8.9356     0       0      
0     9.1105     0       0      
0     9.2644     0       0      
0     0.0368     0       0      
0     0.113     0       0      
0     0.1964     0       0      
0     0.0724     0       0      
0     0.0488     0       0      
0     0.0625     0       0      
0     0.0839     0       0      
0     0.1033     0       0      
0     0.1257     0       0      
0     0.0593     0       0      
0     0.0648     0       0      
0     0.0721     0       0      
0     0.0949     0       0      
0     0.1027     0       0      
0     0.1745     0       0      
0     0.1133     0       0      
0     0.0801     0       0      
0     0.1009     0       0      
0     0.0938     0       0      
0     0.2006     0       0      
0     0.1181     0       0      
0     0.1503     0       0      
0     0.1136     0       0      
0     0.1989     0       0      
0     0.1666     0       0      
0     0.1257     0       0      
0     0.1334     0       0      
0     0.1317     0       0      
0     0.1391     0       0      
0     0.2385     0       0      
0     0.231     0       0      
0     0.1651     0       0      
0     0.1739     0       0      
0     0.1783     0       0      
0     0.1801     0       0      
0     0.4043     0       0      
0     0.2014     0       0      
0     0.2543     0       0      
0     0.2761     0       0      
0     0.2067     0       0      
0     0.2193     0       0      
0     0.2432     0       0      
0     0.2194     0       0      
0     0.2307     0       0      
0     0.3455     0       0      
0     0.2477     0       0      
0     0.2483     0       0      
0     0.3248     0       0      
0     0.3254     0       0      
0     0.2957     0       0      
0     0.3897     0       0      
0     0.296     0       0      
0     0.2628     0       0      
0     0.4176     0       0      
0     0.2949     0       0      
0     0.3256     0       0      
0     0.3261     0       0      
0     0.3009     0       0      
0     0.3291     0       0      
0     0.3567     0       0      
0     0.4457     0       0      
0     0.3305     0       0      
0     0.3307     0       0      
0     0.3378     0       0      
0     0.3787     0       0      
0     0.4103     0       0      
0     0.349     0       0      
0     0.3492     0       0      
0     0.3485     0       0      
0     0.3945     0       0      
0     0.4054     0       0      
0     0.4088     0       0      
0     0.3936     0       0      
0     0.4237     0       0      
0     0.4093     0       0      
0     0.4288     0       0      
0     0.484     0       0      
0     0.4305     0       0      
0     0.4611     0       0      
0     0.4898     0       0      
0     0.4554     0       0      
0     0.4417     0       0      
0     0.51     0       0      
0     0.4628     0       0      
0     0.4893     0       0      
0     0.5425     0       0      
0     0.4818     0       0      
0     0.5302     0       0      
0     0.5407     0       0      
0     0.4995     0       0      
0     0.5558     0       0      
0     0.5358     0       0      
0     0.555     0       0      
0     0.5141     0       0      
0     0.5272     0       0      
0     0.5531     0       0      
0     0.62     0       0      
0     0.6135     0       0      
0     0.5192     0       0      
0     0.5746     0       0      
0     0.2528     0       0      
0     0.6047     0       0      
0     0.3043     0       0      
0     0.5061     0       0      
0     0.7569     0       0      
0     1.0305     0       0      
0     1.8083     0       0      
0     2.9709     0       0      
0     3.2839     0       0      
0     0.1339     0       0      
0     0.1412     0       0      
0     0.1607     0       0      
0     0.1743     0       0      
0     0.1969     0       0      
0     0.2267     0       0      
0     0.2496     0       0      
0     0.2776     0       0      
0     0.3095     0       0      
0     0.4204     0       0      
0     0.451     0       0      
0     0.4948     0       0      
0     0.5163     0       0      
0     0.5872     0       0      
0     0.6945     0       0      
0     0.7007     0       0      
0     0.7207     0       0      
0     0.7735     0       0      
0     0.9538     0       0      
0     0.9648     0       0      
0     1.0256     0       0      
0     1.0333     0       0      
0     1.1356     0       0      
0     1.1713     0       0      
0     1.238     0       0      
0     1.4819     0       0      
0     1.3952     0       0      
0     1.461     0       0      
0     1.5413     0       0      
0     1.7874     0       0      
0     1.706     0       0      
0     1.787     0       0      
0     1.9988     0       0      
0     2.1692     0       0      
0     2.1045     0       0      
0     2.3449     0       0      
0     2.4658     0       0      
0     2.514     0       0      
0     2.5634     0       0      
0     4.6496     0       0      
0     2.7095     0       0      
0     2.8593     0       0      
0     3.0685     0       0      
0     3.3631     0       0      
0     3.2051     0       0      
0     3.5902     0       0      
0     3.4589     0       0      
0     3.5115     0       0      
0     3.6479     0       0      
0     3.8346     0       0      
0     3.7987     0       0      
0     3.9745     0       0      
0     4.8158     0       0      
0     4.3196     0       0      
0     4.4386     0       0      
0     4.7604     0       0      
0     4.6662     0       0      
0     4.5481     0       0      
0     4.9031     0       0      
0     5.0722     0       0      
0     6.0251     0       0      
0     5.5293     0       0      
0     5.7948     0       0      
0     6.5677     0       0      
0     5.9052     0       0      
0     6.3728     0       0      
0     6.132     0       0      
0     6.206     0       0      
0     6.7392     0       0      
0     6.6624     0       0      
0     6.8147     0       0      
0     7.1051     0       0      
0     7.0319     0       0      
0     7.5163     0       0      
0     8.3474     0       0      
0     9.2388     0       0      
0     8.8025     0       0      
0     8.007     0       0      
0     8.6479     0       0      
0     8.6896     0       0      
0     9.5347     0       0      
0     9.0356     0       0      
0     9.0754     0       0      
0     9.4449     0       0      
0     9.963     0       0      
0     10.5455     0       0      
0     11.2061     0       0      
0     11.354     0       0      
0     10.427     0       0      
0     10.6485     0       0      
0     10.8891     0       0      
0     0.2431     0       0      
0     0.5681     0       0      
0     0.3309     0       0      
0     0.4845     0       0      
0     0.7603     0       0      
0     1.1924     0       0      
0     2.0445     0       0      
0     4.4733     0       0      
0     1.3847     0       0      
0     0.1729     0       0      
0     0.1356     0       0      
0     0.165     0       0      
0     0.2866     0       0      
0     0.3218     0       0      
0     0.3461     0       0      
0     0.3895     0       0      
0     0.2802     0       0      
0     0.3359     0       0      
0     0.5616     0       0      
0     0.4485     0       0      
0     0.4337     0       0      
0     0.4837     0       0      
0     0.5479     0       0      
0     0.5551     0       0      
0     0.5718     0       0      
0     0.6947     0       0      
0     0.7042     0       0      
0     0.7577     0       0      
0     0.8235     0       0      
0     0.874     0       0      
0     0.9554     0       0      
0     1.1003     0       0      
0     1.1842     0       0      
0     1.0958     0       0      
0     1.159     0       0      
0     1.2235     0       0      
0     1.5374     0       0      
0     1.4829     0       0      
0     2.1912     0       0      
0     1.5895     0       0      
0     1.8052     0       0      
0     1.6851     0       0      
0     1.7349     0       0      
0     1.753     0       0      
0     1.9056     0       0      
0     2.0566     0       0      
0     2.0917     0       0      
0     2.1537     0       0      
0     2.2464     0       0      
0     2.3333     0       0      
0     2.4926     0       0      
0     2.5256     0       0      
0     2.6294     0       0      
0     2.7392     0       0      
0     3.1866     0       0      
0     2.9125     0       0      
0     3.0378     0       0      
0     3.2504     0       0      
0     4.3534     0       0      
0     3.784     0       0      
0     3.4987     0       0      
0     3.677     0       0      
0     3.9072     0       0      
0     3.7875     0       0      
0     4.0837     0       0      
0     5.5133     0       0      
0     5.3292     0       0      
0     4.3939     0       0      
0     4.4062     0       0      
0     4.5923     0       0      
0     4.7546     0       0      
0     4.8232     0       0      
0     5.676     0       0      
0     5.1202     0       0      
0     5.2932     0       0      
0     5.35     0       0      
0     5.496     0       0      
0     5.6213     0       0      
0     5.7694     0       0      
0     6.1615     0       0      
0     6.1211     0       0      
0     6.2108     0       0      
0     6.4621     0       0      
0     6.6469     0       0      
0     6.8697     0       0      
0     6.983     0       0      
0     6.8648     0       0      
0     6.9691     0       0      
0     7.6463     0       0      
0     7.5048     0       0      
0     7.5873     0       0      
0     8.3136     0       0      
0     8.5191     0       0      
0     8.8484     0       0      
0     8.492     0       0      
0     11.1261     0       0      
0     8.7001     0       0      
0     8.9795     0       0      
0     8.9814     0       0      
0     9.7658     0       0      
0     0.2542     0       0      
0     0.327     0       0      
0     0.2807     0       0      
0     0.6593     0       0      
0     0.0522     0       0      
0     0.0664     0       0      
0     0.0894     0       0      
0     0.1071     0       0      
0     0.0943     0       0      
0     0.1194     0       0      
0     0.1721     0       0      
0     0.1697     0       0      
0     0.1932     0       0      
0     0.1956     0       0      
0     0.2248     0       0      
0     0.2893     0       0      
0     0.2826     0       0      
0     0.4308     0       0      
0     0.3535     0       0      
0     0.4001     0       0      
0     0.4726     0       0      
0     0.4979     0       0      
0     0.4958     0       0      
0     0.5794     0       0      
0     0.6961     0       0      
0     0.646     0       0      
0     0.807     0       0      
0     0.8118     0       0      
0     0.8122     0       0      
0     1.4487     0       0      
0     0.2363     0       0      
0     0.5565     0       0      
0     0.2748     0       0      
0     0.5782     0       0      
0     0.7392     0       0      
0     1.1558     0       0      
0     1.7114     0       0      
0     2.6191     0       0      
0     0.2531     0       0      
0     0.1081     0       0      
0     0.1289     0       0      
0     0.149     0       0      
0     0.1728     0       0      
0     0.3349     0       0      
0     0.2228     0       0      
0     0.2491     0       0      
0     0.2952     0       0      
0     0.3254     0       0      
0     0.3548     0       0      
0     0.4355     0       0      
0     0.4266     0       0      
0     0.4619     0       0      
0     0.5048     0       0      
0     0.5637     0       0      
0     0.5913     0       0      
0     0.909     0       0      
0     0.82     0       0      
0     0.7918     0       0      
0     0.824     0       0      
0     0.8445     0       0      
0     0.8993     0       0      
0     0.9524     0       0      
0     1.0124     0       0      
0     1.0745     0       0      
0     1.1397     0       0      
0     1.3208     0       0      
0     1.3154     0       0      
0     1.3281     0       0      
0     1.4004     0       0      
0     1.7613     0       0      
0     1.5697     0       0      
0     3.0524     0       0      
0     1.8542     0       0      
0     1.7707     0       0      
0     1.8048     0       0      
0     2.5154     0       0      
0     2.0559     0       0      
0     2.3696     0       0      
0     2.3403     0       0      
0     3.4141     0       0      
0     2.4156     0       0      
0     2.6199     0       0      
0     2.636     0       0      
0     2.8157     0       0      
0     2.842     0       0      
0     3.2277     0       0      
0     3.0754     0       0      
0     3.1351     0       0      
0     3.2018     0       0      
0     3.6824     0       0      
0     3.4029     0       0      
0     3.4162     0       0      
0     3.4609     0       0      
0     3.606     0       0      
0     3.6396     0       0      
0     4.0507     0       0      
0     7.6362     0       0      
0     4.131     0       0      
0     4.2812     0       0      
0     4.4607     0       0      
0     4.8112     0       0      
0     4.871     0       0      
0     5.2529     0       0      
0     5.1917     0       0      
0     5.502     0       0      
0     5.0776     0       0      
0     5.2918     0       0      
0     5.3569     0       0      
0     5.4382     0       0      
0     6.4062     0       0      
0     6.142     0       0      
0     8.1217     0       0      
0     8.784     0       0      
0     6.6341     0       0      
0     6.5711     0       0      
0     7.0181     0       0      
0     6.7929     0       0      
0     7.292     0       0      
0     7.4229     0       0      
0     7.5288     0       0      
0     7.9328     0       0      
0     8.2401     0       0      
0     8.0609     0       0      
0     8.4663     0       0      
0     8.2743     0       0      
0     8.577     0       0      
0     8.4353     0       0      
0     9.0361     0       0      
0     9.5898     0       0      
0     9.2406     0       0      
