30318 106 5619.0 5691.0 1
23597 106 5306.0 5035.0 2
22094 50 4996.0 4463.0 3
22351 148 4889.0 4522.0 4
26753 111 5550.0 5390.0 5
20344 50 5389.0 5029.0 6
25110 90 5122.0 4716.0 7
25540 109 4962.0 4782.0 8
28885 50 5782.0 6401.0 9
16826 172 5191.0 4293.0 10
21134 150 5000.0 4724.0 11
26344 226 5626.0 5069.0 12
39081 110 5341.0 5798.0 13
27202 146 5056.0 5393.0 14
22525 106 5287.0 4851.0 15
27785 113 5281.0 4999.0 16
25303 50 5041.0 4978.0 17
30541 107 5242.0 5859.0 18
22669 136 5238.0 4651.0 19
20923 158 4759.0 4281.0 20
26334 114 5429.0 5159.0 21
19777 109 5190.0 4779.0 22
31755 167 6039.0 6609.0 23
20061 133 4968.0 4183.0 24
22338 124 5032.0 4409.0 25
17968 114 5433.0 4487.0 26
21445 107 4481.0 4036.0 27
24470 141 5127.0 4660.0 28
19037 181 4954.0 4298.0 29
32533 144 5127.0 6039.0 30
24692 117 5534.0 5755.0 31
21666 198 5197.0 4631.0 32
27152 59 6068.0 5782.0 33
32117 111 5204.0 5295.0 34
22059 117 5308.0 4757.0 35
29267 111 5623.0 6063.0 36
25473 71 5163.0 5366.0 37
23784 155 5741.0 5346.0 38
23550 50 5171.0 4743.0 39
30945 109 5612.0 5971.0 40
21003 69 5006.0 4554.0 41
20879 201 4975.0 4331.0 42
35651 50 5151.0 5619.0 43
20855 149 5011.0 4442.0 44
25030 91 5590.0 5419.0 45
28806 96 4899.0 5079.0 46
22613 183 4961.0 4531.0 47
25741 50 5312.0 5273.0 48
21315 126 5213.0 4877.0 49
28028 137 5286.0 4724.0 50
23831 126 5262.0 5008.0 51
29292 193 5616.0 5494.0 52
29599 103 4690.0 4555.0 53
23564 94 5531.0 5425.0 54
22806 113 5341.0 4977.0 55
25000 175 4956.0 4884.0 56
34141 95 5919.0 6678.0 57
19350 190 5544.0 5332.0 58
32767 173 5227.0 5037.0 59
26104 129 5914.0 5109.0 60
19209 105 4872.0 4429.0 61
21136 107 4861.0 4526.0 62
17826 79 4910.0 4310.0 63
26922 139 5870.0 5532.0 64
20281 80 4826.0 4735.0 65
24621 196 5384.0 4990.0 66
25554 100 5678.0 5357.0 67
20431 133 4802.0 4821.0 68
29576 163 4838.0 4907.0 69
26144 188 5118.0 4911.0 70
21216 191 5202.0 4541.0 71
23076 126 4698.0 4269.0 72
22805 133 5557.0 4717.0 73
23056 124 5572.0 4814.0 74
25051 102 5706.0 5386.0 75
24131 194 4378.0 4517.0 76
34252 168 5063.0 5543.0 77
26789 158 5259.0 4808.0 78
17595 65 4500.0 4212.0 79
24193 117 6038.0 5273.0 80
19533 136 5119.0 4201.0 81
23584 101 5604.0 5294.0 82
24222 123 4163.0 4253.0 83
28699 141 5810.0 5706.0 84
25822 86 4772.0 4601.0 85
26918 115 5681.0 5595.0 86
21332 167 4971.0 4579.0 87
18584 148 5428.0 4501.0 88
35027 113 5588.0 6004.0 89
20228 103 4841.0 4484.0 90
20520 164 5886.0 5337.0 91
28253 148 6132.0 6489.0 92
25439 174 4919.0 4852.0 93
21246 208 5175.0 4295.0 94
18171 87 4861.0 3990.0 95
20899 104 4663.0 4167.0 96
18196 137 4916.0 4241.0 97
27181 102 5518.0 5279.0 98
33561 124 4842.0 5203.0 99
19800 162 5009.0 4713.0 100