34342 242 17052.0 9966.0 1
34304 243 17060.0 9933.0 2
33725 244 17032.0 9901.0 3
34477 250 17062.0 9954.0 4
34230 239 17056.0 9934.0 5
34384 198 17004.0 9914.0 6
33928 266 17049.0 9944.0 7
34022 231 17002.0 9900.0 8
34302 241 17072.0 9925.0 9
34536 247 17065.0 9953.0 10
34460 233 17042.0 9949.0 11
34225 239 17053.0 9958.0 12
34506 235 17063.0 9951.0 13
33865 196 17036.0 9917.0 14
33677 266 17066.0 9934.0 15
34420 228 17067.0 9964.0 16
34273 229 17064.0 9926.0 17
34165 233 17061.0 9924.0 18
34381 243 17043.0 9970.0 19
34201 252 17112.0 9962.0 20
34390 225 17048.0 9914.0 21
34095 234 17021.0 9915.0 22
34324 260 17080.0 9979.0 23
35031 246 17083.0 9966.0 24
34198 243 17062.0 9916.0 25
34599 249 17021.0 9904.0 26
34276 242 17043.0 9927.0 27
33798 220 17064.0 9939.0 28
34220 266 17089.0 9964.0 29
34424 209 17015.0 9913.0 30
34223 270 17011.0 9878.0 31
34990 232 17070.0 9970.0 32
34381 222 17019.0 9901.0 33
33725 240 17008.0 9891.0 34
34324 184 17045.0 9927.0 35
34542 221 17015.0 9932.0 36
34797 235 17044.0 9969.0 37
34178 193 17005.0 9906.0 38
34034 253 17043.0 9898.0 39
34577 251 17068.0 9930.0 40
34239 238 17063.0 9951.0 41
34222 209 17031.0 9902.0 42
34923 223 16993.0 9888.0 43
34155 249 17059.0 9927.0 44
34767 210 17081.0 9971.0 45
34414 224 17018.0 9895.0 46
34339 238 17021.0 9889.0 47
34106 241 17032.0 9944.0 48
33952 106 17117.0 9967.0 49
33842 211 17057.0 9907.0 50
34660 241 17058.0 9933.0 51
33757 285 17006.0 9933.0 52
34360 230 17028.0 9898.0 53
34455 239 17047.0 9957.0 54
33822 243 17023.0 9900.0 55
34246 222 17020.0 9906.0 56
34362 201 17056.0 9930.0 57
34396 241 17006.0 9942.0 58
34388 246 17055.0 9958.0 59
34262 206 17090.0 9998.0 60
34347 221 17049.0 9911.0 61
34275 228 17009.0 9915.0 62
33703 232 17039.0 9873.0 63
34242 223 17048.0 9923.0 64
34107 270 16984.0 9907.0 65
33739 219 17008.0 9932.0 66
34547 234 17038.0 9972.0 67
34085 221 17078.0 9934.0 68
34370 265 17050.0 9927.0 69
33954 259 16995.0 9870.0 70
34432 232 17077.0 9975.0 71
34144 262 17010.0 9929.0 72
34371 226 17058.0 9942.0 73
34629 222 17025.0 9938.0 74
34207 217 17031.0 9943.0 75
34317 234 17075.0 9934.0 76
34197 262 17064.0 9938.0 77
34165 223 17053.0 9895.0 78
34103 256 17057.0 9961.0 79
33851 215 17053.0 9939.0 80
34120 216 17053.0 9910.0 81
34725 252 17051.0 9908.0 82
33792 244 17042.0 9892.0 83
34272 237 17050.0 9916.0 84
34218 224 17052.0 9954.0 85
34094 119 17061.0 9961.0 86
34269 195 17088.0 9971.0 87
34826 246 17044.0 9931.0 88
34155 212 17076.0 9951.0 89
34653 272 17026.0 9908.0 90
34044 203 17039.0 9905.0 91
34237 243 17026.0 9889.0 92
34267 219 17083.0 9964.0 93
34245 255 17047.0 9913.0 94
34162 223 17044.0 9900.0 95
34414 264 17074.0 9951.0 96
34372 245 17014.0 9896.0 97
34310 229 17041.0 9896.0 98
34056 251 17037.0 9924.0 99
33871 218 17022.0 9929.0 100