1   1790500
2   316600
3   205301
4   254400
5   238299
6   201600
7   265000
8   114001
9   113401
10   134199
11   132599
12   74400
13   121600
14   48401
15   111900
16   63000
17   73099
18   58200
19   98601
20   89700
21   49101
22   100500
23   69800
24   70600
25   101099
26   79299
27   89100
28   58699
29   106000
30   61400
31   149499
32   64400
33   25799
34   74500
35   84900
36   49200
37   177700
38   74500
39   59300
40   134800
41   102199
42   146699
43   97400
44   121799
45   84600
46   61200
47   40900
48   52201
49   55300
50   64301