1   45715500
2   17387200
3   19723500
4   15869000
5   21433700
6   23375300
7   18191100
8   19040100
9   12256600
10   13549200
11   14252200
12   13674200
13   17535900
14   12155600
15   11427400
16   10206100
17   16336400
18   13871700
19   18312400
20   17325600
21   13790200
22   14744200
23   13770000
24   17966600
25   17983300
26   12246500
27   13958500
28   13877500
29   14145600
30   14296400
31   18562900
32   14975300
33   18353600
34   20538400
35   20310500
36   18383600
37   21980200
38   14211100
39   15682200
40   12861900
41   21559800
42   19331300
43   17533600
44   17061600
45   19200900
46   17840000
47   21599500
48   16683800
49   16583000
50   18204600