1   598200
2   170000
3   108699
4   133600
5   132500
6   125599
7   85899
8   98300
9   78900
10   76100
11   100800
12   74300
13   80700
14   93400
15   104301
16   94500
17   70100
18   72600
19   73299
20   83600
21   90499
22   64501
23   63200
24   68200
25   65800
26   70300
27   67200
28   68500
29   63200
30   64499
31   74300
32   72800
33   61299
34   59700
35   74500
36   60101
37   55100
38   46499
39   45801
40   65801
41   55101
42   180000
43   54901
44   43499
45   39601
46   40700
47   36900
48   40200
49   34500
50   104300