26753 116 7976.0 5606.0 1
26544 185 8382.0 6552.0 2
23258 205 8567.0 5914.0 3
20894 188 8099.0 4619.0 4
25806 227 8972.0 6484.0 5
26931 92 8179.0 5991.0 6
29532 193 8725.0 6318.0 7
25366 100 8151.0 5727.0 8
23996 126 8228.0 5580.0 9
38758 116 8971.0 7060.0 10
25767 136 8522.0 6206.0 11
28133 100 8187.0 6225.0 12
29101 146 8501.0 6017.0 13
21807 177 8189.0 5291.0 14
30521 82 8467.0 6458.0 15
31809 161 8372.0 6373.0 16
31528 182 9070.0 7163.0 17
32626 88 8485.0 6163.0 18
29978 117 8495.0 6579.0 19
29889 170 8491.0 6113.0 20
27861 204 8543.0 6104.0 21
27937 124 8173.0 6250.0 22
33108 125 8573.0 6051.0 23
29000 143 8569.0 6143.0 24
22326 104 8207.0 5567.0 25
27310 181 8829.0 6972.0 26
32055 198 7993.0 6007.0 27
32905 145 8097.0 5713.0 28
26652 104 8955.0 6420.0 29
24454 187 8727.0 5853.0 30
34348 219 9124.0 7019.0 31
24778 110 8486.0 5923.0 32
27676 148 8524.0 6211.0 33
28595 205 7811.0 5250.0 34
30042 113 9212.0 6168.0 35
31931 105 8564.0 6209.0 36
35356 156 8804.0 6743.0 37
36231 92 8423.0 5854.0 38
25402 201 7918.0 5453.0 39
45845 108 9268.0 7196.0 40
28345 180 8293.0 5776.0 41
27593 268 8402.0 6136.0 42
32720 121 8727.0 6556.0 43
28264 151 8633.0 6209.0 44
32437 99 9364.0 6954.0 45
24754 128 8463.0 5625.0 46
37962 56 8996.0 7255.0 47
32830 177 8832.0 6636.0 48
31753 172 8834.0 6074.0 49
26087 165 7897.0 5199.0 50
35537 150 8374.0 6312.0 51
30322 187 8909.0 6873.0 52
25549 172 8576.0 5648.0 53
26090 252 8178.0 5665.0 54
28384 257 8700.0 5952.0 55
18006 174 7487.0 4503.0 56
32653 86 8856.0 7215.0 57
34439 111 9206.0 7132.0 58
29604 265 8924.0 6678.0 59
27231 160 8487.0 6032.0 60
26147 151 9140.0 6745.0 61
30004 137 8325.0 5529.0 62
27483 282 8620.0 6015.0 63
33501 119 8218.0 6539.0 64
24792 260 8112.0 5635.0 65
32762 170 7778.0 5509.0 66
46783 183 8311.0 6757.0 67
27150 195 8324.0 5640.0 68
29589 251 8826.0 6475.0 69
31228 75 8528.0 5979.0 70
35637 254 8485.0 6749.0 71
24318 97 8378.0 6032.0 72
27949 328 8392.0 5751.0 73
30264 132 8672.0 6470.0 74
27072 99 7765.0 5429.0 75
31613 123 8833.0 6828.0 76
26647 186 8433.0 5630.0 77
24883 146 8554.0 5710.0 78
26823 239 8303.0 5874.0 79
27059 108 8190.0 5639.0 80
23494 108 8436.0 5522.0 81
22693 128 8363.0 5396.0 82
28068 106 8791.0 6283.0 83
27520 85 8573.0 6630.0 84
28794 97 8451.0 5823.0 85
29357 133 9038.0 6679.0 86
24409 187 8227.0 5320.0 87
32225 149 8973.0 6831.0 88
27517 220 8266.0 5716.0 89
24359 143 8662.0 5595.0 90
25370 159 8213.0 5331.0 91
27142 202 7943.0 5375.0 92
34167 262 8645.0 6176.0 93
30377 105 8848.0 6318.0 94
25819 115 7993.0 5323.0 95
26731 195 8550.0 6069.0 96
29301 99 8194.0 6267.0 97
24391 129 8521.0 5743.0 98
25266 159 8278.0 5866.0 99
39692 234 8689.0 7045.0 100