1    26300    73253600
2    26300    43764899
3    26300    43162501
4    26300    43049300
5    26300    35535000
6    26300    39290801
7    26300    42855000
8    26300    36382000
9    26300    29440300
10    26300    27915400
11    26300    29193600
12    26300    35755500
13    26300    29313300
14    26300    24586400
15    26300    35691300
16    26300    33736100
17    26300    32358500
18    26300    34270700
19    26300    32360300
20    26300    31470200
21    26300    26782399
22    26300    43448799
23    26300    29244500
24    26300    29921800
25    26300    25464699
26    26300    25078601
27    26300    23037699
28    26300    27021200
29    26300    25682900
30    26300    25938900
31    26300    25010300
32    26300    24468500
33    26300    29351000
34    26300    28826001
35    26300    26507899
36    26300    29376300
37    26300    25700000
38    26300    26282400
39    26300    27216299
40    26300    24811300
41    26300    24659701
42    26300    30209201
43    26300    32601701
44    26300    31500600
45    26300    31548499
46    26300    27980200
47    26300    28191101
48    26300    25427401
49    26300    26569400
50    26300    29232200
