1   43519996599
2   56014914100
3   54307955100
4   43984025300
5   47354816000
6   54043098800
7   33925734399
8   56321363200
9   54983176401
10   43642338000
11   46183716400
12   43140751899
13   48162295501
14   49786312301
15   45112507000
16   50288676500
17   45617535701
18   54445938300
19   51448325801
20   47252227900
21   44370744500
22   47243858300
23   49149605600
24   44692456100
25   43952723300
26   42911654400
27   45150070400
28   47367466400
29   54336404000
30   46015798000
31   55768329500
32   59236600400
33   40671882900
34   49606014400
35   63168488100
36   54492126300
37   65421150500
38   48360122500
39   49758280400
40   51216447600
41   50474192400
42   60964226200
43   56471597200
44   45687996900
45   48444003600
46   47993708600
47   42888531400
48   46135810400
49   56800643000
50   53561237700