1   83889300
2   57180700
3   61527200
4   50796800
5   52035700
6   48560400
7   49263200
8   59872000
9   47511800
10   44993700
11   43880600
12   39883600
13   52358700
14   46841600
15   41330000
16   39580200
17   44722000
18   43697100
19   47288600
20   51196200
21   68730700
22   74643600
23   57374700
24   56053900
25   54644900
26   50277900
27   47174500
28   40376200
29   40658300
30   48994900
31   51155800
32   49337000
33   54238400
34   48597200
35   40019600
36   50291200
37   39595300
38   41983500
39   48239500
40   45506100
41   38391400
42   40054600
43   44420100
44   39336100
45   42599300
46   41630500
47   38102100
48   40831800
49   44858900
50   40619900