100    0.003099     12100728       12100728      
200    0.0067     12101026       12101026      
300    0.010799     12101508       12101508      
400    0.0149     12102181       12102181      
500    0.018899     12103071       12103071      
600    0.023699     12104177       12104177      
700    0.031899     12105536       12105536      
800    0.032     12107102       12107102      
900    0.0381     12108879       12108879      
1000    0.0406     12110937       12110937      
1100    0.0462     12113218       12113218      
1200    0.0515     12115714       12115714      
1300    0.0564     12118453       12118453      
1400    0.059201     12121430       12121430      
1500    0.0644     12124656       12124656      
1600    0.0859     12128162       12128162      
1700    0.0741     12131878       12131878      
1800    0.081001     12135914       12135914      
1900    0.0839     12140166       12140166      
2000    0.090101     12144648       12144648      
2100    0.0951     12149460       12149460      
2200    0.097299     12154457       12154457      
2300    0.104101     12159708       12159708      
2400    0.1102     12165262       12165262      
2500    0.1144     12171202       12171202      
2600    0.117799     12177390       12177390      
2700    0.124801     12183804       12183804      
2800    0.130801     12190443       12190443      
2900    0.1336     12197433       12197433      
3000    0.1382     12204560       12204560      
3100    0.148099     12211990       12211990      
3200    0.152101     12219771       12219771      
3300    0.173499     12227681       12227681      
3400    0.1859     12236108       12236108      
3500    0.1647     12244639       12244639      
3600    0.1658     12253509       12253509      
3700    0.178699     12262591       12262591      
3800    0.182401     12272110       12272110      
3900    0.2402     12281809       12281809      
4000    0.195701     12291852       12291852      
4100    0.196501     12302235       12302235      
4200    0.2022     12312749       12312749      
4300    0.208699     12323453       12323453      
4400    0.212599     12334651       12334651      
4500    0.2172     12346062       12346062      
4600    0.2276     12357856       12357856      
4700    0.2331     12369943       12369943      
4800    0.2322     12382131       12382131      
4900    0.239501     12394861       12394861      
5000    0.2359     12407694       12407694      
5100    0.245501     12421099       12421099      
5200    0.2554     12434574       12434574      
5300    0.2564     12448256       12448256      
5400    0.299501     12462299       12462299      
5500    0.314201     12476965       12476965      
5600    0.2805     12491867       12491867      
5700    0.293001     12507095       12507095      
5800    0.4385     12522472       12522472      
5900    0.2866     12538047       12538047      
6000    0.2936     12553968       12553968      
6100    0.319799     12570220       12570220      
6200    0.3065     12586519       12586519      
6300    0.3214     12603195       12603195      
6400    0.3242     12620289       12620289      
6500    0.325     12637820       12637820      
6600    0.3292     12655500       12655500      
6700    0.335801     12673188       12673188      
6800    0.345     12691519       12691519      
6900    0.338699     12710212       12710212      
7000    0.356399     12729388       12729388      
7100    0.3598     12748853       12748853      
7200    0.4485     12768368       12768368      
7300    0.3672     12788386       12788386      
7400    0.3743     12808198       12808198      
7500    0.3852     12828585       12828585      
7600    0.3802     12849428       12849428      
7700    0.3946     12870244       12870244      
7800    0.395     12891726       12891726      
7900    0.4258     12913724       12913724      
8000    0.472799     12935860       12935860      
8100    0.4165     12958528       12958528      
8200    0.4199     12981227       12981227      
8300    0.430101     13004394       13004394      
8400    0.491399     13027664       13027664      
8500    0.4685     13051478       13051478      
8600    0.4473     13075359       13075359      
8700    0.446199     13099367       13099367      
8800    0.4513     13123800       13123800      
8900    0.4578     13149123       13149123      
9000    0.465099     13174449       13174449      
9100    0.6285     13200034       13200034      
9200    0.4805     13225985       13225985      
9300    0.4853     13252321       13252321      
9400    0.499     13278851       13278851      
9500    0.5236     13305535       13305535      
9600    0.5141     13332709       13332709      
9700    0.524801     13360419       13360419      
9800    0.5402     13388403       13388403      
9900    0.527     13416529       13416529      
10000    0.520599     13445053       13445053      
