100    0.0032     133101496       133101496      
200    0.0072     133101802       133101802      
300    0.0104     133102298       133102298      
400    0.014301     133102967       133102967      
500    0.0196     133103859       133103859      
600    0.0234     133104979       133104979      
700    0.028     133106288       133106288      
800    0.032199     133107830       133107830      
900    0.036499     133109591       133109591      
1000    0.0413     133111651       133111651      
1100    0.064299     133113937       133113937      
1200    0.0498     133116407       133116407      
1300    0.0579     133119175       133119175      
1400    0.0613     133122186       133122186      
1500    0.067101     133125355       133125355      
1600    0.0679     133128889       133128889      
1700    0.0758     133132686       133132686      
1800    0.096799     133136760       133136760      
1900    0.0844     133141040       133141040      
2000    0.089799     133145543       133145543      
2100    0.0931     133150265       133150265      
2200    0.097699     133155211       133155211      
2300    0.1036     133160603       133160603      
2400    0.1106     133166220       133166220      
2500    0.113201     133172016       133172016      
2600    0.1187     133178111       133178111      
2700    0.125301     133184483       133184483      
2800    0.1309     133191108       133191108      
2900    0.134399     133198005       133198005      
3000    0.1425     133205299       133205299      
3100    0.146201     133212876       133212876      
3200    0.1496     133220637       133220637      
3300    0.155099     133228745       133228745      
3400    0.1603     133237086       133237086      
3500    0.165     133245691       133245691      
3600    0.1713     133254709       133254709      
3700    0.192     133263967       133263967      
3800    0.2028     133273579       133273579      
3900    0.1842     133283368       133283368      
4000    0.1943     133293219       133293219      
4100    0.235899     133303522       133303522      
4200    0.1993     133314101       133314101      
4300    0.2048     133325083       133325083      
4400    0.211001     133336297       133336297      
4500    0.2758     133347781       133347781      
4600    0.283999     133359551       133359551      
4700    0.227401     133371744       133371744      
4800    0.2248     133383974       133383974      
4900    0.237801     133396580       133396580      
5000    0.2489     133409495       133409495      
5100    0.2907     133422693       133422693      
5200    0.2633     133436108       133436108      
5300    0.26     133450119       133450119      
5400    0.2712     133464395       133464395      
5500    0.287201     133478763       133478763      
5600    0.292701     133493532       133493532      
5700    0.337699     133508562       133508562      
5800    0.3113     133523836       133523836      
5900    0.296699     133539446       133539446      
6000    0.3249     133555388       133555388      
6100    0.3328     133571712       133571712      
6200    0.333     133588206       133588206      
6300    0.323101     133605055       133605055      
6400    0.3331     133622445       133622445      
6500    0.3361     133639696       133639696      
6600    0.354701     133657432       133657432      
6700    0.376501     133675612       133675612      
6800    0.3836     133693688       133693688      
6900    0.3674     133712089       133712089      
7000    0.3572     133731226       133731226      
7100    0.3568     133750678       133750678      
7200    0.3629     133770445       133770445      
7300    0.390301     133790289       133790289      
7400    0.404699     133810349       133810349      
7500    0.4268     133830870       133830870      
7600    0.3794     133851673       133851673      
7700    0.3862     133872768       133872768      
7800    0.3996     133894313       133894313      
7900    0.4439     133916216       133916216      
8000    0.402201     133938242       133938242      
8100    0.4191     133960609       133960609      
8200    0.4582     133983456       133983456      
8300    0.47     134006560       134006560      
8400    0.4305     134030120       134030120      
8500    0.4324     134053648       134053648      
8600    0.4788     134077583       134077583      
8700    0.4389     134101792       134101792      
8800    0.4778     134126767       134126767      
8900    0.503501     134151429       134151429      
9000    0.468201     134176982       134176982      
9100    0.5847     134202845       134202845      
9200    0.473699     134228840       134228840      
9300    0.5256     134255393       134255393      
9400    0.4824     134281993       134281993      
9500    0.4906     134308641       134308641      
9600    0.6566     134336063       134336063      
9700    0.538401     134363706       134363706      
9800    0.515601     134391218       134391218      
9900    0.5232     134419212       134419212      
10000    0.5534     134447578       134447578      
