100     0.0428     622       331      
200     0.0818     1437       821      
300     0.151601     2841       1338      
400     0.197901     3781       2234      
500     0.195501     4977       2987      
600     0.075399     7100       3480      
700     0.0628     7290       3876      
800     0.1115     8168       4958      
900     0.101901     10691       6041      
1000     0.093401     10967       6344      
1100     0.1418     11884       6694      
1200     0.1358     15338       8752      
1300     0.1377     14591       8258      
1400     0.1292     15010       8081      
1500     0.1677     19192       9302      
1600     0.0731     17378       9397      
1700     0.077699     19635       10963      
1800     0.0805     21878       12752      
1900     0.0878     23553       12908      
2000     0.094301     25727       13072      
2100     0.093799     26453       13367      
2200     0.099999     28461       14667      
2300     0.104701     30336       16385      
2400     0.112301     31494       18891      
2500     0.154399     29797       16095      
2600     0.143299     33108       19665      
2700     0.1423     34282       19300      
2800     0.1296     35360       18332      
2900     0.1342     37173       20408      
3000     0.143201     43271       26959      
3100     0.147901     44299       21325      
3200     0.1537     45125       27945      
3300     0.162001     48746       32121      
3400     0.1647     44128       25578      
3500     0.170299     48621       28567      
3600     0.201499     47436       25733      
3700     0.189999     53184       29829      
3800     0.1901     50564       28139      
3900     0.1947     49770       28563      
4000     0.2021     53543       30462      
4100     0.2004     58081       29546      
4200     0.2103     61614       33261      
4300     0.2148     57050       32630      
4400     0.214599     59322       29664      
4500     0.2299     59631       34992      
4600     0.2395     66574       36920      
4700     0.244101     65456       37757      
4800     0.249501     70065       37851      
4900     0.3892     73584       40720      
5000     0.261999     65431       38232      
5100     0.2682     69447       39129      
5200     0.2681     72283       39675      
5300     0.279     72921       40433      
5400     0.3096     82567       50476      
5500     0.2938     73254       38476      
5600     0.305099     80575       42302      
5700     0.3186     82355       49779      
5800     0.3173     85196       45195      
5900     0.3314     82917       49572      
6000     0.3505     82727       49253      
6100     0.3382     88818       52677      
6200     0.342701     85463       45360      
6300     0.3532     88022       53416      
6400     0.348     98115       49282      
6500     0.378799     98716       60341      
6600     0.3653     95495       53619      
6700     0.377001     102530       56983      
6800     0.3852     101880       54159      
6900     0.4029     110201       64675      
7000     0.3891     101820       56639      
7100     0.3984     106319       58106      
7200     0.41     105617       60756      
7300     0.407899     108182       55737      
7400     0.422001     110838       62274      
7500     0.4322     112980       65524      
7600     0.428     112070       61746      
7700     0.4364     108545       60666      
7800     0.4403     117797       65970      
7900     0.4401     115070       63222      
8000     0.4513     120107       66815      
8100     0.712399     128847       77929      
8200     0.7067     123362       69058      
8300     0.737     123644       72143      
8400     0.654599     130057       68390      
8500     0.7119     128637       65943      
8600     0.5017     132065       81608      
8700     0.5007     133325       70424      
8800     0.513701     131707       78392      
8900     0.5157     133463       76122      
9000     0.5183     135406       77889      
9100     0.5231     143735       79457      
9200     0.5135     142195       72535      
9300     0.530599     143825       81293      
9400     0.5445     150301       86304      
9500     0.548799     144708       83773      
9600     0.547501     148691       83347      
9700     0.5394     146265       75279      
9800     0.585     150732       79974      
9900     0.5968     169573       105493      
10000     0.5733     161575       85043      
