45916 201 13240.0 9793.0 1
41462 156 13530.0 9510.0 2
52718 213 14252.0 9921.0 3
45914 249 13100.0 9472.0 4
35425 164 12980.0 8631.0 5
56975 310 13733.0 10458.0 6
48230 356 13380.0 9815.0 7
50343 326 13777.0 9362.0 8
51631 99 13616.0 10354.0 9
45203 99 14809.0 10638.0 10
41793 177 13290.0 8917.0 11
38573 111 12733.0 8118.0 12
39711 345 14445.0 10483.0 13
60469 205 14573.0 10327.0 14
35288 293 12815.0 8066.0 15
38129 312 14358.0 9389.0 16
42116 232 13912.0 9781.0 17
49573 241 13673.0 9896.0 18
38313 199 13090.0 9073.0 19
39926 127 13974.0 9706.0 20
44282 225 14136.0 9634.0 21
50654 170 14380.0 10919.0 22
30579 250 12748.0 7723.0 23
41014 266 14219.0 10166.0 24
39799 239 13491.0 8738.0 25
41310 281 13477.0 9543.0 26
48737 143 13219.0 9330.0 27
42676 213 13913.0 9854.0 28
43678 344 13330.0 9075.0 29
42155 264 13882.0 9647.0 30
41084 184 13100.0 9174.0 31
36490 184 12991.0 8139.0 32
37920 314 13258.0 9195.0 33
42138 202 13711.0 10032.0 34
36804 362 12844.0 8737.0 35
43365 438 14852.0 9932.0 36
48936 196 13728.0 9530.0 37
41322 217 14056.0 9861.0 38
51587 203 13678.0 9628.0 39
42536 222 13686.0 9527.0 40
42437 188 13807.0 9603.0 41
50482 283 13919.0 9369.0 42
40394 166 13250.0 8797.0 43
44370 199 13527.0 8746.0 44
46170 210 13675.0 9752.0 45
33359 120 12983.0 8639.0 46
36038 224 13413.0 9211.0 47
41292 199 14054.0 9919.0 48
47013 304 13467.0 9286.0 49
39179 252 13532.0 9473.0 50
39886 322 12947.0 8484.0 51
45857 262 14513.0 10523.0 52
45400 292 13602.0 9518.0 53
35165 363 12926.0 8536.0 54
58836 412 14795.0 11367.0 55
43991 201 13598.0 9176.0 56
35589 124 13291.0 8570.0 57
44334 281 13746.0 10204.0 58
48408 245 13323.0 9163.0 59
37765 223 13585.0 9081.0 60
36876 222 13091.0 8332.0 61
47180 468 13823.0 9639.0 62
39803 199 13605.0 9881.0 63
38429 227 14054.0 9631.0 64
34630 191 13070.0 8659.0 65
49679 329 12649.0 9082.0 66
39891 159 13357.0 9613.0 67
39770 305 13640.0 9086.0 68
38593 276 13502.0 9261.0 69
43071 372 13202.0 9393.0 70
40839 218 13447.0 9242.0 71
48250 136 13352.0 9287.0 72
42597 254 12731.0 8942.0 73
41319 241 13919.0 9544.0 74
42925 233 14269.0 10200.0 75
36566 258 13932.0 9743.0 76
48113 106 14292.0 10466.0 77
48901 285 13649.0 9388.0 78
35668 264 12606.0 8593.0 79
37990 108 13341.0 8861.0 80
50895 193 12769.0 9180.0 81
41950 413 14053.0 9311.0 82
39699 116 13377.0 8647.0 83
39329 104 13203.0 9066.0 84
40937 130 14240.0 9687.0 85
47948 402 14544.0 10211.0 86
40731 269 14062.0 9628.0 87
46114 415 13864.0 9954.0 88
37813 244 13164.0 9477.0 89
42611 226 13229.0 8918.0 90
55229 106 13685.0 9410.0 91
47659 265 14049.0 10297.0 92
43640 293 13608.0 9356.0 93
48990 177 14636.0 11128.0 94
37156 196 13731.0 8775.0 95
37937 194 13960.0 8668.0 96
48918 218 14395.0 10682.0 97
44935 231 13883.0 9649.0 98
51785 242 12998.0 8882.0 99
40807 289 13659.0 9331.0 100