1   785003900
2   580189000
3   728791100
4   517154501
5   536803800
6   559803600
7   582387601
8   615199000
9   510726200
10   606078900
11   563090700
12   623514700
13   764751500
14   568520500
15   596428700
16   713061401
17   763894100
18   650724599
19   505609400
20   589610800
21   512081800
22   570167700
23   583518200
24   737641100
25   584349801
26   494336299
27   810202299
28   540798200
29   401993800
30   500025101
31   458594800
32   502830701
33   668519700
34   643529200
35   683520601
36   476425999
37   472234700
38   285637800
39   361437400
40   531524501
41   529345000
42   536191201
43   570663201
44   747870700
45   442449900
46   601428300
47   465501800
48   449938100
49   419943600
50   544278900