100    50    0.0056     504       289      29      
200    50    0.002899     486       182      29      
300    50    0.0053     949       452      29      
400    50    0.007299     1643       1050      29      
500    50    0.007101     1750       1239      29      
600    50    0.006501     1360       548      29      
700    50    0.0084     1802       890      29      
800    50    0.0066     1631       700      29      
900    50    0.0044     1235       392      29      
1000    50    0.0105     2043       844      29      
1100    50    0.005     1429       324      29      
1200    50    0.0093     1646       400      29      
1300    50    0.0079     1695       344      29      
1400    50    0.0064     2007       577      29      
1500    50    0.032001     4320       2317      29      
1600    50    0.032601     4479       2740      29      
1700    50    0.028101     2999       1266      29      
1800    50    0.0052     2128       264      29      
1900    50    0.018199     6476       4375      29      
2000    50    0.018901     3788       1696      29      
2100    50    0.012601     4828       2542      29      
2200    50    0.0258     8432       6122      29      
2300    50    0.0395     8259       5944      29      
2400    50    0.050101     9802       7375      29      
2500    50    0.011501     3545       1016      29      
2600    50    0.0056     2812       167      29      
2700    50    0.027901     7142       2858      29      
2800    50    0.0119     3792       999      29      
2900    50    0.0287     4183       1329      29      
3000    50    0.0162     4903       1366      29      
3100    50    0.0238     8087       4985      29      
3200    50    0.0278     7832       4413      29      
3300    50    0.034001     4663       1400      29      
3400    50    0.0333     5622       2134      29      
3500    50    0.020199     5274       1776      29      
3600    50    0.037001     12907       9219      29      
3700    50    0.0404     6701       3064      29      
3800    50    0.0206     5786       1940      29      
3900    50    0.0132     4848       929      29      
4000    50    0.029299     8142       3928      29      
4100    50    0.0296     10412       4865      29      
4200    50    0.005501     4490       292      29      
4300    50    0.0263     6103       1759      29      
4400    50    0.1384     15420       10765      29      
4500    50    0.0385     13131       8603      29      
4600    50    0.0776     19478       14725      29      
4700    50    0.0395     8493       2548      29      
4800    50    0.024601     7719       2794      29      
4900    50    0.047001     13471       8548      29      
5000    50    0.026199     9480       4336      29      
5100    50    0.049001     10660       5449      29      
5200    50    0.0442     10234       4718      29      
5300    50    0.0483     8093       2683      29      
5400    50    0.0534     16164       9759      29      
5500    50    0.026499     8857       2951      29      
5600    50    0.0346     7809       2195      29      
5700    50    0.067401     16765       11126      29      
5800    50    0.0235     7993       2141      29      
5900    50    0.109     16745       10496      29      
6000    50    0.0859     13147       7004      29      
6100    50    0.0453     9703       3386      29      
6200    50    0.044     13249       7037      29      
6300    50    0.0712     19211       12850      29      
6400    50    0.016099     7402       945      29      
6500    50    0.0519     17092       10632      29      
6600    50    0.100901     21679       14592      29      
6700    50    0.0845     13477       6742      29      
6800    50    0.073501     10854       3995      29      
6900    50    0.0644     28202       21202      29      
7000    50    0.0765     13241       6079      29      
7100    50    0.024901     10136       2760      29      
7200    50    0.0589     14055       6769      29      
7300    50    0.1608     31273       23980      29      
7400    50    0.0898     18407       10772      29      
7500    50    0.0378     12417       4777      29      
7600    50    0.0495     12830       4918      29      
7700    50    0.0338     11176       3501      29      
7800    50    0.041801     13994       6169      29      
7900    50    0.0657     11087       3086      29      
8000    50    0.0823     26232       18007      29      
8100    50    0.0262     10521       1591      29      
8200    50    0.0434     15480       7219      29      
8300    50    0.0642     17797       9163      29      
8400    50    0.042799     9556       1147      29      
8500    50    0.0787     16051       6998      29      
8600    50    0.060501     26173       17400      29      
8700    50    0.080701     23425       14558      29      
8800    50    0.0421     14904       5544      29      
8900    50    0.051799     16904       7899      29      
9000    50    0.0576     26836       16428      29      
9100    50    0.024801     11876       2774      29      
9200    50    0.081699     16947       7469      29      
9300    50    0.0297     12878       3549      29      
9400    50    0.1114     23205       13774      29      
9500    50    0.033301     12968       3471      29      
9600    50    0.1373     28208       18461      29      
9700    50    0.0905     25159       15403      29      
9800    50    0.079099     21423       10680      29      
9900    50    0.0135     10787       691      29      
10000    50    0.062499     18828       8885      29      
