100    50    0.003601     303       123      34      
200    50    0.0033     472       198      34      
300    50    0.0036     678       412      34      
400    50    0.003899     932       537      34      
500    50    0.003601     690       185      34      
600    50    0.0086     1999       1226      34      
700    50    0.0217     1144       454      34      
800    50    0.0062     1058       283      34      
900    50    0.012201     1910       1035      34      
1000    50    0.0318     1702       727      34      
1100    50    0.012399     1876       725      34      
1200    50    0.003401     1482       276      34      
1300    50    0.012301     2991       1384      34      
1400    50    0.013399     4127       1322      34      
1500    50    0.014799     3760       2255      34      
1600    50    0.009799     2462       918      34      
1700    50    0.0102     2973       1085      34      
1800    50    0.008     2616       821      34      
1900    50    0.012699     5946       2548      34      
2000    50    0.0168     3594       1404      34      
2100    50    0.016901     5238       3002      34      
2200    50    0.0203     4182       1783      34      
2300    50    0.0083     3045       408      34      
2400    50    0.046     6846       4472      34      
2500    50    0.0233     4829       2281      34      
2600    50    0.023     5965       3424      34      
2700    50    0.0292     5894       3111      34      
2800    50    0.019499     4941       2076      34      
2900    50    0.0143     4909       1368      34      
3000    50    0.0326     7325       4028      34      
3100    50    0.0437     9032       3609      34      
3200    50    0.027001     8002       4512      34      
3300    50    0.005601     3658       305      34      
3400    50    0.0451     10577       7224      34      
3500    50    0.034101     6266       2465      34      
3600    50    0.0106     4484       804      34      
3700    50    0.033101     5449       1692      34      
3800    50    0.033899     6216       2299      34      
3900    50    0.0536     12418       6884      34      
4000    50    0.0306     10094       5945      34      
4100    50    0.0081     4758       550      34      
4200    50    0.0293     8687       4388      34      
4300    50    0.0524     10197       4203      34      
4400    50    0.0354     6921       2363      34      
4500    50    0.0401     8465       3782      34      
4600    50    0.054699     12832       8195      34      
4700    50    0.0806     16549       11914      34      
4800    50    0.0319     9107       4216      34      
4900    50    0.0575     10274       5056      34      
5000    50    0.0437     10311       5108      34      
5100    50    0.026101     9276       3988      34      
5200    50    0.023     7627       2035      34      
5300    50    0.036699     14671       9436      34      
5400    50    0.0125     6991       1462      34      
5500    50    0.039     12870       7348      34      
5600    50    0.0769     12090       6449      34      
5700    50    0.0443     14509       3158      34      
5800    50    0.0145     6608       729      34      
5900    50    0.0315     11935       5226      34      
6000    50    0.065101     11833       5123      34      
6100    50    0.0594     15212       9108      34      
6200    50    0.0755     22913       16701      34      
6300    50    0.0608     15415       9048      34      
6400    50    0.0599     14777       8279      34      
6500    50    0.0254     10238       3234      34      
6600    50    0.0622     14865       8239      34      
6700    50    0.087199     20337       13308      34      
6800    50    0.0598     16572       7705      34      
6900    50    0.0224     9361       2289      34      
7000    50    0.0741     14272       7254      34      
7100    50    0.0934     21566       14414      34      
7200    50    0.029699     10159       2957      34      
7300    50    0.027299     8234       936      34      
7400    50    0.021699     9475       1498      34      
7500    50    0.064     13534       5923      34      
7600    50    0.045     15411       7534      34      
7700    50    0.0099     8496       459      34      
7800    50    0.0795     23133       15271      34      
7900    50    0.0752     20319       11446      34      
8000    50    0.0252     10802       2788      34      
8100    50    0.135     25414       17199      34      
8200    50    0.0447     13581       5211      34      
8300    50    0.0556     13580       5141      34      
8400    50    0.099     18244       9757      34      
8500    50    0.0121     8813       256      34      
8600    50    0.087199     26263       17640      34      
8700    50    0.112699     22511       13650      34      
8800    50    0.079199     25887       17154      34      
8900    50    0.0759     16711       7694      34      
9000    50    0.116199     29899       20762      34      
9100    50    0.0315     11499       2368      34      
9200    50    0.100201     24568       15261      34      
9300    50    0.034199     12641       3350      34      
9400    50    0.0445     12534       2699      34      
9500    50    0.086199     34714       25195      34      
9600    50    0.023     12449       1829      34      
9700    50    0.1115     26192       16221      34      
9800    50    0.0821     34670       24926      34      
9900    50    0.0718     17219       7212      34      
10000    50    0.2413     30466       20496      34      
