100    50    0.003     437       252      78      
200    50    0.0041     613       359      78      
300    50    0.003801     511       186      78      
400    50    0.005201     958       611      78      
500    50    0.0071     1388       825      78      
600    50    0.010501     2151       1353      78      
700    50    0.013     1817       1012      78      
800    50    0.010001     2298       1510      78      
900    50    0.0106     2147       999      78      
1000    50    0.008599     2264       1175      78      
1100    50    0.0138     2805       1658      78      
1200    50    0.0233     2570       1319      78      
1300    50    0.010701     3632       2240      78      
1400    50    0.004     1586       167      78      
1500    50    0.0158     3759       2186      78      
1600    50    0.0297     5605       4002      78      
1700    50    0.003399     1844       190      78      
1800    50    0.043799     8517       6662      78      
1900    50    0.0432     3302       1448      78      
2000    50    0.0071     2321       255      78      
2100    50    0.034001     3395       1178      78      
2200    50    0.0377     4297       2065      78      
2300    50    0.0201     5260       2896      78      
2400    50    0.0358     4194       1850      78      
2500    50    0.0083     2991       445      78      
2600    50    0.0311     4358       1669      78      
2700    50    0.037899     5907       3222      78      
2800    50    0.0393     5677       2866      78      
2900    50    0.027401     5471       2581      78      
3000    50    0.038     5162       2024      78      
3100    50    0.0554     5121       1928      78      
3200    50    0.0254     8478       5021      78      
3300    50    0.0791     7391       4109      78      
3400    50    0.0164     5497       1714      78      
3500    50    0.024     6771       3332      78      
3600    50    0.0348     6975       3391      78      
3700    50    0.0418     7445       3781      78      
3800    50    0.026499     8779       4880      78      
3900    50    0.012199     5268       1310      78      
4000    50    0.0168     5959       1943      78      
4100    50    0.026999     9072       4341      78      
4200    50    0.0296     5324       1086      78      
4300    50    0.0296     6059       1801      78      
4400    50    0.047801     6879       2412      78      
4500    50    0.01     5131       580      78      
4600    50    0.028301     6480       1939      78      
4700    50    0.009801     5096       369      78      
4800    50    0.013699     6271       1131      78      
4900    50    0.0615     15182       10272      78      
5000    50    0.025499     6959       1932      78      
5100    50    0.0604     15132       10095      78      
5200    50    0.032799     9129       3325      78      
5300    50    0.028699     8277       2835      78      
5400    50    0.0216     5734       313      78      
5500    50    0.0272     9278       3729      78      
5600    50    0.0607     14900       9338      78      
5700    50    0.0382     12815       7022      78      
5800    50    0.0225     5940       122      78      
5900    50    0.0656     12940       7088      78      
6000    50    0.010401     6697       377      78      
6100    50    0.0347     9220       3176      78      
6200    50    0.0505     11215       4478      78      
6300    50    0.020601     8292       2049      78      
6400    50    0.0552     11844       5461      78      
6500    50    0.0411     10821       4301      78      
6600    50    0.0894     17515       10233      78      
6700    50    0.0757     10908       3830      78      
6800    50    0.0803     17674       10857      78      
6900    50    0.054     16560       9603      78      
7000    50    0.0363     10926       3896      78      
7100    50    0.0417     8745       1387      78      
7200    50    0.0312     10494       3276      78      
7300    50    0.0684     16194       8609      78      
7400    50    0.058999     14395       6993      78      
7500    50    0.074601     17902       10321      78      
7600    50    0.0622     19712       11910      78      
7700    50    0.0179     9305       1565      78      
7800    50    0.1164     14846       7045      78      
7900    50    0.0232     10161       2282      78      
8000    50    0.0581     14494       6458      78      
8100    50    0.076001     17028       8745      78      
8200    50    0.0703     27912       15957      78      
8300    50    0.1253     17311       7918      78      
8400    50    0.047     16210       7852      78      
8500    50    0.046     13515       4730      78      
8600    50    0.0145     10286       1332      78      
8700    50    0.0165     9923       1197      78      
8800    50    0.066499     19001       10211      78      
8900    50    0.0608     15382       6147      78      
9000    50    0.016701     10416       1278      78      
9100    50    0.0924     18637       9047      78      
9200    50    0.0255     11613       2325      78      
9300    50    0.092     19103       8956      78      
9400    50    0.250301     41146       31607      78      
9500    50    0.050799     13674       3607      78      
9600    50    0.0926     22543       12715      78      
9700    50    0.0399     19379       9719      78      
9800    50    0.0427     15233       5352      78      
9900    50    0.082101     26776       16845      78      
10000    50    0.104699     34303       24283      78      
