100    50    0.003     236       117      37      
200    50    0.005099     554       338      37      
300    50    0.0065     1176       738      37      
400    50    0.004999     940       487      37      
500    50    0.0058     1041       513      37      
600    50    0.0067     1104       451      37      
700    50    0.0255     1973       1183      37      
800    50    0.005     1211       317      37      
900    50    0.011801     2593       1430      37      
1000    50    0.005401     1482       336      37      
1100    50    0.0122     4727       3607      37      
1200    50    0.0085     2289       1067      37      
1300    50    0.0261     2178       870      37      
1400    50    0.0079     2022       334      37      
1500    50    0.0161     3949       2383      37      
1600    50    0.010399     3090       1375      37      
1700    50    0.027499     6183       4256      37      
1800    50    0.0153     5088       2888      37      
1900    50    0.008901     2613       688      37      
2000    50    0.031     5994       3601      37      
2100    50    0.0153     3789       1365      37      
2200    50    0.037001     4603       2318      37      
2300    50    0.0488     8146       5891      37      
2400    50    0.0408     7061       4398      37      
2500    50    0.0191     8015       5523      37      
2600    50    0.0307     4600       1395      37      
2700    50    0.0326     4744       1116      37      
2800    50    0.0234     4840       1904      37      
2900    50    0.0152     4170       1288      37      
3000    50    0.0275     5833       2421      37      
3100    50    0.026999     5717       2414      37      
3200    50    0.0166     4955       1667      37      
3300    50    0.0695     6465       3001      37      
3400    50    0.0232     6519       2951      37      
3500    50    0.024399     5580       2110      37      
3600    50    0.006001     3877       267      37      
3700    50    0.0188     4058       370      37      
3800    50    0.0227     6452       2630      37      
3900    50    0.0046     4067       156      37      
4000    50    0.0419     9595       5573      37      
4100    50    0.0492     7940       3742      37      
4200    50    0.0478     7806       3608      37      
4300    50    0.0232     5933       1547      37      
4400    50    0.094401     18022       11203      37      
4500    50    0.051399     6490       1953      37      
4600    50    0.0302     8088       2553      37      
4700    50    0.0208     7549       2058      37      
4800    50    0.0609     8445       3471      37      
4900    50    0.0166     6399       972      37      
5000    50    0.058401     13367       8152      37      
5100    50    0.028899     11355       6212      37      
5200    50    0.0255     10730       2658      37      
5300    50    0.0555     11186       5378      37      
5400    50    0.0283     6857       922      37      
5500    50    0.061     20288       14735      37      
5600    50    0.0534     11535       5860      37      
5700    50    0.0698     12133       6214      37      
5800    50    0.0077     5897       100      37      
5900    50    0.04     13615       7767      37      
6000    50    0.048301     11251       4989      37      
6100    50    0.0757     22085       15888      37      
6200    50    0.111499     11755       5445      37      
6300    50    0.0246     11104       3553      37      
6400    50    0.0375     10017       3559      37      
6500    50    0.0531     12115       5613      37      
6600    50    0.027201     10346       3702      37      
6700    50    0.074301     16567       9821      37      
6800    50    0.048099     13765       6917      37      
6900    50    0.172499     26830       16721      37      
7000    50    0.0766     17441       9708      37      
7100    50    0.0242     10152       2934      37      
7200    50    0.028401     9102       1575      37      
7300    50    0.033999     13853       3369      37      
7400    50    0.0537     15752       5647      37      
7500    50    0.0552     16327       8763      37      
7600    50    0.1132     19768       12110      37      
7700    50    0.0748     22325       13400      37      
7800    50    0.075201     24651       16826      37      
7900    50    0.0686     28320       19963      37      
8000    50    0.031     11742       3309      37      
8100    50    0.0906     27755       19185      37      
8200    50    0.0356     11820       3028      37      
8300    50    0.0619     21576       13285      37      
8400    50    0.1304     39314       30703      37      
8500    50    0.0577     14198       3822      37      
8600    50    0.077099     20975       12312      37      
8700    50    0.1006     26711       9108      37      
8800    50    0.081999     34278       25391      37      
8900    50    0.1064     18182       9282      37      
9000    50    0.0532     17770       8507      37      
9100    50    0.0452     16804       6953      37      
9200    50    0.111601     21295       12049      37      
9300    50    0.033     12713       3399      37      
9400    50    0.024001     10592       1173      37      
9500    50    0.066901     20064       10324      37      
9600    50    0.0392     14839       5158      37      
9700    50    0.165299     19062       9374      37      
9800    50    0.1046     17673       7773      37      
9900    50    0.0691     21471       10753      37      
10000    50    0.0428     21240       10811      37      
