100    50    0.002001     221       141      60      
200    50    0.0051     733       455      60      
300    50    0.0055     1184       657      60      
400    50    0.0044     1076       463      60      
500    50    0.0073     1279       831      60      
600    50    0.002999     739       123      60      
700    50    0.0077     1821       702      60      
800    50    0.014099     2960       1607      60      
900    50    0.0087     3095       1562      60      
1000    50    0.0158     3631       1239      60      
1100    50    0.006699     1454       369      60      
1200    50    0.0227     2931       1475      60      
1300    50    0.006701     1937       500      60      
1400    50    0.018301     4552       2508      60      
1500    50    0.0171     5259       2595      60      
1600    50    0.0194     1871       308      60      
1700    50    0.031901     4296       2496      60      
1800    50    0.015     3210       1355      60      
1900    50    0.031701     4094       2215      60      
2000    50    0.039799     4930       2877      60      
2100    50    0.013999     3260       1146      60      
2200    50    0.024     5244       2778      60      
2300    50    0.014401     5357       2934      60      
2400    50    0.0431     4737       2205      60      
2500    50    0.0284     7093       4451      60      
2600    50    0.0156     4115       1135      60      
2700    50    0.0421     6186       3430      60      
2800    50    0.011     3977       953      60      
2900    50    0.0151     4767       1091      60      
3000    50    0.0635     9537       6289      60      
3100    50    0.017301     5349       2208      60      
3200    50    0.0145     6230       3010      60      
3300    50    0.023999     3829       511      60      
3400    50    0.021901     6351       2948      60      
3500    50    0.0185     5706       2005      60      
3600    50    0.0073     4358       648      60      
3700    50    0.0177     5801       2071      60      
3800    50    0.057201     12069       8308      60      
3900    50    0.0488     13728       9714      60      
4000    50    0.063801     9486       5486      60      
4100    50    0.005501     4286       110      60      
4200    50    0.013     5302       1127      60      
4300    50    0.038     10150       5674      60      
4400    50    0.0633     12311       7401      60      
4500    50    0.082901     7210       2696      60      
4600    50    0.0848     16945       12361      60      
4700    50    0.075801     12429       7653      60      
4800    50    0.0468     9334       4304      60      
4900    50    0.1045     13128       8192      60      
5000    50    0.0441     10550       5270      60      
5100    50    0.0087     5737       665      60      
5200    50    0.050301     13078       6891      60      
5300    50    0.035301     7612       2142      60      
5400    50    0.0514     7197       1742      60      
5500    50    0.051101     10104       4163      60      
5600    50    0.0366     8546       2927      60      
5700    50    0.062001     20887       14992      60      
5800    50    0.018     7362       1488      60      
5900    50    0.0706     15198       9145      60      
6000    50    0.0533     9599       3611      60      
6100    50    0.0391     10386       4252      60      
6200    50    0.0162     8398       2028      60      
6300    50    0.057899     17343       10771      60      
6400    50    0.0083     7278       638      60      
6500    50    0.0728     17397       10626      60      
6600    50    0.052401     15025       8434      60      
6700    50    0.0544     14018       7287      60      
6800    50    0.067199     15976       8974      60      
6900    50    0.0611     13706       6705      60      
7000    50    0.0123     7526       450      60      
7100    50    0.0565     12551       5413      60      
7200    50    0.047     14334       7021      60      
7300    50    0.0153     8445       1105      60      
7400    50    0.0179     8450       779      60      
7500    50    0.0988     20550       12888      60      
7600    50    0.0322     10636       2979      60      
7700    50    0.0386     12298       4520      60      
7800    50    0.0739     23988       16237      60      
7900    50    0.0535     26188       18202      60      
8000    50    0.0329     15562       7517      60      
8100    50    0.104899     32509       24355      60      
8200    50    0.0637     16730       8443      60      
8300    50    0.0749     19403       11040      60      
8400    50    0.0713     29889       21280      60      
8500    50    0.0432     13984       5499      60      
8600    50    0.0593     16576       7979      60      
8700    50    0.0514     13790       4969      60      
8800    50    0.1013     21390       11837      60      
8900    50    0.142     34088       24181      60      
9000    50    0.071599     24963       15694      60      
9100    50    0.054001     21059       11399      60      
9200    50    0.141701     23482       14212      60      
9300    50    0.034499     12341       3029      60      
9400    50    0.0197     10792       1377      60      
9500    50    0.0253     10981       1343      60      
9600    50    0.0275     12364       2736      60      
9700    50    0.089901     20355       9890      60      
9800    50    0.047799     12307       2458      60      
9900    50    0.047401     16262       6224      60      
10000    50    0.071499     28631       18510      60      
