100    50    0.001699     241       181      69      
200    50    0.004     773       361      69      
300    50    0.004899     1157       692      69      
400    50    0.006601     1591       1072      69      
500    50    0.006     1187       561      69      
600    50    0.0057     1337       711      69      
700    50    0.009299     1926       1054      69      
800    50    0.012699     2849       1801      69      
900    50    0.0095     2113       1020      69      
1000    50    0.006201     1625       643      69      
1100    50    0.010199     1954       882      69      
1200    50    0.0156     3496       1883      69      
1300    50    0.0309     4303       2872      69      
1400    50    0.027801     1993       560      69      
1500    50    0.0129     3218       1296      69      
1600    50    0.0307     3831       1824      69      
1700    50    0.012401     2757       1020      69      
1800    50    0.0107     3106       1093      69      
1900    50    0.061599     7936       5552      69      
2000    50    0.0092     4383       422      69      
2100    50    0.0153     5173       3092      69      
2200    50    0.0753     6011       3804      69      
2300    50    0.042199     4969       2497      69      
2400    50    0.033299     3238       848      69      
2500    50    0.017799     3878       1212      69      
2600    50    0.047     9603       6997      69      
2700    50    0.044099     8653       5956      69      
2800    50    0.022     5307       2489      69      
2900    50    0.0218     6320       3483      69      
3000    50    0.0342     6479       3108      69      
3100    50    0.0305     6518       3270      69      
3200    50    0.020099     5471       2180      69      
3300    50    0.0328     8459       5213      69      
3400    50    0.0516     5810       2222      69      
3500    50    0.019399     4802       1277      69      
3600    50    0.049099     11664       7976      69      
3700    50    0.0075     4297       628      69      
3800    50    0.043599     7654       3645      69      
3900    50    0.033501     7726       3822      69      
4000    50    0.0307     8069       4045      69      
4100    50    0.0226     7163       2383      69      
4200    50    0.044899     11667       7338      69      
4300    50    0.0306     8886       4623      69      
4400    50    0.0734     14842       10223      69      
4500    50    0.027701     8092       3438      69      
4600    50    0.0288     7005       2303      69      
4700    50    0.014201     5799       1033      69      
4800    50    0.034999     12200       6962      69      
4900    50    0.043599     9741       4701      69      
5000    50    0.0389     10180       5137      69      
5100    50    0.066899     19213       13986      69      
5200    50    0.0746     13480       8032      69      
5300    50    0.0486     10742       5435      69      
5400    50    0.0389     8510       2661      69      
5500    50    0.033699     13496       7946      69      
5600    50    0.0768     15675       9982      69      
5700    50    0.0544     15678       9859      69      
5800    50    0.0517     21917       15717      69      
5900    50    0.0642     12112       6013      69      
6000    50    0.061701     13276       7232      69      
6100    50    0.0162     7577       1155      69      
6200    50    0.046599     13533       7337      69      
6300    50    0.0237     10348       3838      69      
6400    50    0.0762     15364       8861      69      
6500    50    0.0758     28842       18815      69      
6600    50    0.0488     16371       9713      69      
6700    50    0.0331     8978       2250      69      
6800    50    0.0934     22015       15246      69      
6900    50    0.1374     16963       9886      69      
7000    50    0.033901     11643       4496      69      
7100    50    0.104     18889       11830      69      
7200    50    0.1475     13540       6205      69      
7300    50    0.0559     13353       6063      69      
7400    50    0.072799     16273       8850      69      
7500    50    0.072101     20661       12740      69      
7600    50    0.0446     15026       6620      69      
7700    50    0.057399     14905       7172      69      
7800    50    0.047699     14107       6328      69      
7900    50    0.0538     21388       13328      69      
8000    50    0.0837     22086       14149      69      
8100    50    0.070099     21289       13125      69      
8200    50    0.046     13763       5451      69      
8300    50    0.1441     28309       11594      69      
8400    50    0.0142     9689       934      69      
8500    50    0.0139     8882       334      69      
8600    50    0.092601     19695       11056      69      
8700    50    0.0638     19164       10529      69      
8800    50    0.029899     9470       663      69      
8900    50    0.0348     11790       2873      69      
9000    50    0.0116     9671       613      69      
9100    50    0.0738     12900       3385      69      
9200    50    0.084699     32831       23261      69      
9300    50    0.1215     19391       10114      69      
9400    50    0.1307     24400       14932      69      
9500    50    0.0983     20980       11136      69      
9600    50    0.088001     24225       14564      69      
9700    50    0.0497     14929       5094      69      
9800    50    0.037     12635       2749      69      
9900    50    0.12     44539       34648      69      
10000    50    0.051601     20952       10883      69      
