100    50    0.0047     344       168      32      
200    50    0.0033     435       209      32      
300    50    0.006399     949       389      32      
400    50    0.005199     1379       693      32      
500    50    0.0068     1425       844      32      
600    50    0.003     692       127      32      
700    50    0.008699     1477       696      32      
800    50    0.01     1315       333      32      
900    50    0.0068     1724       602      32      
1000    50    0.0339     2562       1610      32      
1100    50    0.0142     2550       1499      32      
1200    50    0.0108     2543       1275      32      
1300    50    0.013899     3259       1838      32      
1400    50    0.011899     2569       1023      32      
1500    50    0.004401     1844       236      32      
1600    50    0.010601     2655       1056      32      
1700    50    0.0185     4115       2382      32      
1800    50    0.062301     6430       3269      32      
1900    50    0.017199     4034       1917      32      
2000    50    0.014699     3010       1065      32      
2100    50    0.0331     3707       1480      32      
2200    50    0.0181     4069       1649      32      
2300    50    0.0456     4516       2143      32      
2400    50    0.040701     4791       2355      32      
2500    50    0.0192     6084       3527      32      
2600    50    0.0452     5664       2856      32      
2700    50    0.0339     9234       5850      32      
2800    50    0.005799     3088       260      32      
2900    50    0.022     7247       4166      32      
3000    50    0.0357     6655       3652      32      
3100    50    0.0297     4335       1065      32      
3200    50    0.0231     5906       2738      32      
3300    50    0.0085     3950       471      32      
3400    50    0.0252     12982       6396      32      
3500    50    0.028601     7480       2503      32      
3600    50    0.017799     5388       1706      32      
3700    50    0.011     4959       1322      32      
3800    50    0.0561     14425       10660      32      
3900    50    0.0451     8813       4674      32      
4000    50    0.0447     6846       2641      32      
4100    50    0.048901     14064       5851      32      
4200    50    0.040899     9566       5426      32      
4300    50    0.0264     6043       1645      32      
4400    50    0.087099     8587       3856      32      
4500    50    0.032301     6757       2264      32      
4600    50    0.007     4733       183      32      
4700    50    0.0496     8225       3514      32      
4800    50    0.028501     10164       5317      32      
4900    50    0.0401     7826       2911      32      
5000    50    0.082599     12599       7567      32      
5100    50    0.056301     13617       8488      32      
5200    50    0.0373     10610       4898      32      
5300    50    0.0438     14774       9240      32      
5400    50    0.0366     13111       7402      32      
5500    50    0.0514     18860       12877      32      
5600    50    0.0425     8914       3173      32      
5700    50    0.075501     16348       10639      32      
5800    50    0.0383     9493       3617      32      
5900    50    0.057201     20500       14669      32      
6000    50    0.0371     8804       2330      32      
6100    50    0.023     8117       1991      32      
6200    50    0.096201     17914       11651      32      
6300    50    0.0336     10115       3839      32      
6400    50    0.05     11219       4246      32      
6500    50    0.055001     19321       12754      32      
6600    50    0.0125     7566       962      32      
6700    50    0.0543     15588       8637      32      
6800    50    0.0357     8642       1667      32      
6900    50    0.085899     25723       18861      32      
7000    50    0.0856     13529       6521      32      
7100    50    0.105299     14239       7100      32      
7200    50    0.0886     28236       20850      32      
7300    50    0.0383     11693       3941      32      
7400    50    0.0346     9669       2231      32      
7500    50    0.103199     29228       21687      32      
7600    50    0.043099     10021       2208      32      
7700    50    0.070699     14421       6721      32      
7800    50    0.026799     10439       2599      32      
7900    50    0.0484     21785       13762      32      
8000    50    0.123899     14589       6614      32      
8100    50    0.0877     15452       7335      32      
8200    50    0.040599     13673       5295      32      
8300    50    0.028799     10805       2562      32      
8400    50    0.084901     18763       9126      32      
8500    50    0.0959     20404       8928      32      
8600    50    0.0253     11222       2601      32      
8700    50    0.031899     11871       2817      32      
8800    50    0.049799     16996       8146      32      
8900    50    0.0383     18232       9285      32      
9000    50    0.066499     21463       12190      32      
9100    50    0.0405     11680       2498      32      
9200    50    0.0787     18002       8744      32      
9300    50    0.2539     30462       19893      32      
9400    50    0.0385     13019       3417      32      
9500    50    0.0166     11161       1165      32      
9600    50    0.0158     10235       579      32      
9700    50    0.1319     26168       16166      32      
9800    50    0.0584     18748       8938      32      
9900    50    0.072801     21792       11737      32      
10000    50    0.092399     27735       17669      32      
