100    50    0.002401     339       201      64      
200    50    0.0031     502       177      64      
300    50    0.0101     1241       749      64      
400    50    0.005199     1146       744      64      
500    50    0.004201     951       502      64      
600    50    0.0063     1340       743      64      
700    50    0.0106     1971       495      64      
800    50    0.0061     1363       571      64      
900    50    0.009201     1600       722      64      
1000    50    0.0065     1289       301      64      
1100    50    0.009401     2092       950      64      
1200    50    0.0237     2044       643      64      
1300    50    0.0108     2029       747      64      
1400    50    0.021699     1950       486      64      
1500    50    0.0071     2115       620      64      
1600    50    0.0072     2398       840      64      
1700    50    0.0043     2024       257      64      
1800    50    0.0163     4508       2576      64      
1900    50    0.017301     4328       1774      64      
2000    50    0.0442     6174       4227      64      
2100    50    0.0392     5757       3554      64      
2200    50    0.0226     4845       2613      64      
2300    50    0.0166     3716       1361      64      
2400    50    0.050501     6987       4575      64      
2500    50    0.020299     4028       1486      64      
2600    50    0.006     2844       266      64      
2700    50    0.0341     7120       3594      64      
2800    50    0.012001     3612       858      64      
2900    50    0.0153     4430       1446      64      
3000    50    0.034099     8113       5178      64      
3100    50    0.020901     8949       5786      64      
3200    50    0.0214     6136       2883      64      
3300    50    0.0653     9219       5876      64      
3400    50    0.010499     4540       1085      64      
3500    50    0.0465     6069       2414      64      
3600    50    0.018901     7755       4103      64      
3700    50    0.021101     4493       437      64      
3800    50    0.0502     11453       7440      64      
3900    50    0.0347     9678       5763      64      
4000    50    0.0574     15604       11437      64      
4100    50    0.0748     17268       10969      64      
4200    50    0.0407     7026       2258      64      
4300    50    0.0313     7138       2753      64      
4400    50    0.017101     5411       854      64      
4500    50    0.0299     7359       2612      64      
4600    50    0.0615     10998       5764      64      
4700    50    0.070899     13407       8660      64      
4800    50    0.079099     14544       9755      64      
4900    50    0.026     7140       2261      64      
5000    50    0.070701     12920       7709      64      
5100    50    0.078501     15614       10480      64      
5200    50    0.0476     9995       4767      64      
5300    50    0.010601     6455       844      64      
5400    50    0.0596     16160       9369      64      
5500    50    0.0521     10563       4928      64      
5600    50    0.0821     19741       14086      64      
5700    50    0.0181     7166       1424      64      
5800    50    0.0112     6697       808      64      
5900    50    0.034901     14015       7727      64      
6000    50    0.077     11670       5543      64      
6100    50    0.052     12753       6626      64      
6200    50    0.094699     12879       6145      64      
6300    50    0.0353     11625       5078      64      
6400    50    0.0099     6754       322      64      
6500    50    0.043499     12383       5878      64      
6600    50    0.0781     14654       7365      64      
6700    50    0.0823     19292       12578      64      
6800    50    0.0107     7299       519      64      
6900    50    0.0516     15190       8034      64      
7000    50    0.033401     12500       5278      64      
7100    50    0.0475     12375       5210      64      
7200    50    0.031299     14612       7255      64      
7300    50    0.0727     13524       6213      64      
7400    50    0.084     20286       12882      64      
7500    50    0.077401     22268       14561      64      
7600    50    0.0328     11220       3581      64      
7700    50    0.0901     14677       6779      64      
7800    50    0.037     14613       3514      64      
7900    50    0.0584     19203       11218      64      
8000    50    0.095899     20288       12209      64      
8100    50    0.012799     9147       698      64      
8200    50    0.0354     13390       5195      64      
8300    50    0.105701     21004       12600      64      
8400    50    0.0732     21073       12670      64      
8500    50    0.073399     16933       8390      64      
8600    50    0.056699     22519       13920      64      
8700    50    0.063801     17393       8440      64      
8800    50    0.0483     13966       5112      64      
8900    50    0.0547     17919       8680      64      
9000    50    0.0313     11319       2098      64      
9100    50    0.0752     28939       19739      64      
9200    50    0.061     20791       11434      64      
9300    50    0.0256     11629       2234      64      
9400    50    0.065499     24333       14575      64      
9500    50    0.088499     12744       3208      64      
9600    50    0.0421     21436       11737      64      
9700    50    0.1305     27757       18057      64      
9800    50    0.0529     15210       4493      64      
9900    50    0.0582     19831       9788      64      
10000    50    0.066701     26475       16309      64      
