100    50    0.002601     364       263      89      
200    50    0.0031     485       251      89      
300    50    0.006199     779       375      89      
400    50    0.006199     1095       676      89      
500    50    0.0071     1267       718      89      
600    50    0.0082     1339       709      89      
700    50    0.0062     1080       364      89      
800    50    0.010201     3167       1772      89      
900    50    0.01     2401       1266      89      
1000    50    0.015     3181       1290      89      
1100    50    0.0156     3457       1232      89      
1200    50    0.017899     1345       138      89      
1300    50    0.008801     2574       1018      89      
1400    50    0.0184     3494       2026      89      
1500    50    0.016601     3001       1438      89      
1600    50    0.0178     6506       4843      89      
1700    50    0.013501     4691       1862      89      
1800    50    0.004801     2044       254      89      
1900    50    0.0302     7218       5178      89      
2000    50    0.036     5721       3662      89      
2100    50    0.021401     5176       3107      89      
2200    50    0.0395     4640       2349      89      
2300    50    0.0464     6960       4631      89      
2400    50    0.0053     2669       279      89      
2500    50    0.018901     3490       843      89      
2600    50    0.0229     6978       4166      89      
2700    50    0.0338     4108       1442      89      
2800    50    0.0298     9478       6721      89      
2900    50    0.006299     3230       256      89      
3000    50    0.035901     5352       2271      89      
3100    50    0.0328     9215       5956      89      
3200    50    0.0405     8154       4903      89      
3300    50    0.047099     6785       3376      89      
3400    50    0.0369     11645       8214      89      
3500    50    0.0124     4687       1027      89      
3600    50    0.0277     7035       3310      89      
3700    50    0.012899     4839       1096      89      
3800    50    0.0228     11643       7791      89      
3900    50    0.0198     10500       6516      89      
4000    50    0.045101     9469       5484      89      
4100    50    0.0098     4915       635      89      
4200    50    0.0477     10057       5827      89      
4300    50    0.1124     12358       7991      89      
4400    50    0.041399     8692       3080      89      
4500    50    0.0571     11818       6886      89      
4600    50    0.0482     12614       7400      89      
4700    50    0.0534     10418       5673      89      
4800    50    0.0295     8796       3903      89      
4900    50    0.048701     6990       2018      89      
5000    50    0.0114     6190       995      89      
5100    50    0.0393     10099       4829      89      
5200    50    0.0466     9717       4520      89      
5300    50    0.0219     9731       4431      89      
5400    50    0.0806     17929       11084      89      
5500    50    0.0312     9341       3832      89      
5600    50    0.0168     7077       1366      89      
5700    50    0.0253     6600       938      89      
5800    50    0.0179     9426       2481      89      
5900    50    0.148     16516       10614      89      
6000    50    0.0638     13917       7776      89      
6100    50    0.078799     9855       3712      89      
6200    50    0.039599     10457       4243      89      
6300    50    0.065199     15225       8990      89      
6400    50    0.037     10759       4265      89      
6500    50    0.032501     9879       3356      89      
6600    50    0.033299     8135       1525      89      
6700    50    0.0589     10881       4148      89      
6800    50    0.0694     12679       5641      89      
6900    50    0.0585     17921       10693      89      
7000    50    0.0661     9557       2442      89      
7100    50    0.0453     14751       7592      89      
7200    50    0.0496     17435       10111      89      
7300    50    0.063001     15222       7765      89      
7400    50    0.123901     13570       6107      89      
7500    50    0.0227     9900       2114      89      
7600    50    0.1074     14420       6525      89      
7700    50    0.036601     11903       4003      89      
7800    50    0.039     12268       4460      89      
7900    50    0.013101     9642       1346      89      
8000    50    0.074399     18349       10304      89      
8100    50    0.018     9466       1173      89      
8200    50    0.065901     15703       7486      89      
8300    50    0.065701     14151       5867      89      
8400    50    0.049299     14716       6301      89      
8500    50    0.0903     19794       10844      89      
8600    50    0.0217     10830       2160      89      
8700    50    0.104     12533       3842      89      
8800    50    0.0451     16487       7582      89      
8900    50    0.0544     19696       10600      89      
9000    50    0.0602     15603       6420      89      
9100    50    0.0753     26619       17551      89      
9200    50    0.0784     12726       3296      89      
9300    50    0.019801     12665       2674      89      
9400    50    0.0159     11542       1391      89      
9500    50    0.112799     22840       13336      89      
9600    50    0.0928     35640       16668      89      
9700    50    0.036501     13167       3387      89      
9800    50    0.044699     14750       4935      89      
9900    50    0.083     20984       11009      89      
10000    50    0.1221     34190       24257      89      
