100    50    0.013     352       262      13      
200    50    0.0031     431       216      13      
300    50    0.0111     1266       730      13      
400    50    0.0065     1559       869      13      
500    50    0.0073     1525       915      13      
600    50    0.0063     1246       584      13      
700    50    0.0078     1838       1010      13      
800    50    0.0089     2297       1412      13      
900    50    0.0384     2254       1215      13      
1000    50    0.003     1175       134      13      
1100    50    0.0143     2963       1762      13      
1200    50    0.017201     3075       1655      13      
1300    50    0.0319     3823       2467      13      
1400    50    0.025099     5676       4305      13      
1500    50    0.0347     4781       2509      13      
1600    50    0.0227     4014       2386      13      
1700    50    0.021001     5274       3488      13      
1800    50    0.031     3491       1717      13      
1900    50    0.0176     3130       1144      13      
2000    50    0.0223     4338       1820      13      
2100    50    0.013501     6535       2374      13      
2200    50    0.0075     2462       210      13      
2300    50    0.0151     3887       1351      13      
2400    50    0.024901     3252       758      13      
2500    50    0.012501     4016       1474      13      
2600    50    0.032499     5066       1953      13      
2700    50    0.024399     5036       2343      13      
2800    50    0.0423     7435       4487      13      
2900    50    0.043     6620       3574      13      
3000    50    0.010199     3612       548      13      
3100    50    0.0409     6366       2206      13      
3200    50    0.005801     3600       413      13      
3300    50    0.0314     7465       3911      13      
3400    50    0.0067     3850       307      13      
3500    50    0.0303     6778       2906      13      
3600    50    0.023801     6815       3043      13      
3700    50    0.0239     9188       5267      13      
3800    50    0.0208     5737       1738      13      
3900    50    0.0395     15284       11336      13      
4000    50    0.051099     6702       2667      13      
4100    50    0.047701     9190       5099      13      
4200    50    0.056101     13324       8802      13      
4300    50    0.0383     9431       5151      13      
4400    50    0.0229     6273       1561      13      
4500    50    0.0813     11826       7168      13      
4600    50    0.1058     11422       6423      13      
4700    50    0.072001     8284       3506      13      
4800    50    0.1066     12967       8126      13      
4900    50    0.1536     15049       10180      13      
5000    50    0.051401     10299       4901      13      
5100    50    0.0303     11362       6154      13      
5200    50    0.0386     8305       3118      13      
5300    50    0.0605     17273       11996      13      
5400    50    0.014     6451       1037      13      
5500    50    0.0505     16823       11277      13      
5600    50    0.034     10055       4285      13      
5700    50    0.0805     15493       9758      13      
5800    50    0.0212     7663       1857      13      
5900    50    0.0625     13879       7579      13      
6000    50    0.0378     8082       1975      13      
6100    50    0.0406     10609       4227      13      
6200    50    0.0498     13231       6535      13      
6300    50    0.0413     13771       7433      13      
6400    50    0.055799     16794       4106      13      
6500    50    0.054     19722       13063      13      
6600    50    0.110299     26853       20302      13      
6700    50    0.0459     12057       4249      13      
6800    50    0.043799     15357       8339      13      
6900    50    0.049201     13338       6039      13      
7000    50    0.052     12286       5283      13      
7100    50    0.024599     11104       4041      13      
7200    50    0.035999     16666       9469      13      
7300    50    0.028601     9326       1630      13      
7400    50    0.1161     15186       7308      13      
7500    50    0.057901     14303       6555      13      
7600    50    0.100201     27480       19633      13      
7700    50    0.08     22003       14078      13      
7800    50    0.0721     26805       19054      13      
7900    50    0.0678     24774       16927      13      
8000    50    0.038801     17735       9532      13      
8100    50    0.0146     9178       853      13      
8200    50    0.0815     23710       15439      13      
8300    50    0.090601     17475       9037      13      
8400    50    0.043699     11936       3476      13      
8500    50    0.028999     11701       3108      13      
8600    50    0.049099     13568       4796      13      
8700    50    0.063301     22205       13112      13      
8800    50    0.042701     15415       5515      13      
8900    50    0.0792     23210       13797      13      
9000    50    0.1888     32709       23118      13      
9100    50    0.0506     14911       5577      13      
9200    50    0.0614     23148       13906      13      
9300    50    0.115     45402       36040      13      
9400    50    0.065399     16634       7265      13      
9500    50    0.063901     22751       13224      13      
9600    50    0.1211     25054       15408      13      
9700    50    0.107399     19504       9511      13      
9800    50    0.0786     27101       17149      13      
9900    50    0.0954     27511       17468      13      
10000    50    0.062     17683       7563      13      
