100    50    0.0032     219       150      26      
200    50    0.0028     409       202      26      
300    50    0.003     462       164      26      
400    50    0.007     1591       975      26      
500    50    0.0056     1084       477      26      
600    50    0.009     1933       1002      26      
700    50    0.0079     2562       1192      26      
800    50    0.010199     2100       1054      26      
900    50    0.0229     1777       911      26      
1000    50    0.0129     2400       1290      26      
1100    50    0.0133     4351       2067      26      
1200    50    0.006399     1814       622      26      
1300    50    0.0123     2381       885      26      
1400    50    0.010199     3438       1906      26      
1500    50    0.0079     2103       620      26      
1600    50    0.018199     3818       2190      26      
1700    50    0.0303     5640       3637      26      
1800    50    0.0063     2292       444      26      
1900    50    0.0131     3172       1214      26      
2000    50    0.010001     2997       640      26      
2100    50    0.0129     2882       803      26      
2200    50    0.0397     5262       2886      26      
2300    50    0.0196     4386       1904      26      
2400    50    0.0291     7013       4480      26      
2500    50    0.019199     6279       3747      26      
2600    50    0.0454     6443       3783      26      
2700    50    0.020301     4295       1596      26      
2800    50    0.0321     5266       1691      26      
2900    50    0.0375     5682       2473      26      
3000    50    0.027199     12061       6190      26      
3100    50    0.0402     6988       3833      26      
3200    50    0.004101     3390       148      26      
3300    50    0.048401     9482       6173      26      
3400    50    0.040299     9299       5942      26      
3500    50    0.016901     5113       1619      26      
3600    50    0.0299     8707       4862      26      
3700    50    0.048501     11339       7515      26      
3800    50    0.0328     7099       3293      26      
3900    50    0.0152     6171       1731      26      
4000    50    0.0531     8223       4219      26      
4100    50    0.0571     11896       7452      26      
4200    50    0.024301     6580       2388      26      
4300    50    0.051     13422       8888      26      
4400    50    0.026699     7375       2942      26      
4500    50    0.040399     8401       3904      26      
4600    50    0.0103     5337       441      26      
4700    50    0.0234     6472       1767      26      
4800    50    0.0349     9874       5095      26      
4900    50    0.037     7669       2812      26      
5000    50    0.0311     8223       3077      26      
5100    50    0.0353     9501       4127      26      
5200    50    0.060001     20912       15692      26      
5300    50    0.1066     17865       10610      26      
5400    50    0.0331     9225       3848      26      
5500    50    0.050701     17233       11763      26      
5600    50    0.054     11208       5520      26      
5700    50    0.0758     21500       11576      26      
5800    50    0.0123     7124       1222      26      
5900    50    0.0625     11492       5644      26      
6000    50    0.1254     24216       14697      26      
6100    50    0.0835     11884       5813      26      
6200    50    0.0596     21559       9129      26      
6300    50    0.055399     13450       7121      26      
6400    50    0.040201     13276       6907      26      
6500    50    0.0326     12907       5248      26      
6600    50    0.0623     18657       11989      26      
6700    50    0.0363     10194       2533      26      
6800    50    0.0313     11555       3425      26      
6900    50    0.041099     7395       473      26      
7000    50    0.0595     19038       12064      26      
7100    50    0.064799     12729       5565      26      
7200    50    0.066801     13603       6294      26      
7300    50    0.086999     19805       12456      26      
7400    50    0.038399     11438       4097      26      
7500    50    0.104599     17573       10064      26      
7600    50    0.0805     16241       8597      26      
7700    50    0.078801     19372       11456      26      
7800    50    0.0415     14925       7069      26      
7900    50    0.072301     26082       18182      26      
8000    50    0.0491     21919       13363      26      
8100    50    0.0128     9059       609      26      
8200    50    0.150901     17534       9266      26      
8300    50    0.1133     32161       23733      26      
8400    50    0.188299     35227       26647      26      
8500    50    0.0828     16116       7615      26      
8600    50    0.0487     15247       6585      26      
8700    50    0.0892     18888       10133      26      
8800    50    0.0156     10763       1500      26      
8900    50    0.0694     20538       11261      26      
9000    50    0.0119     9521       437      26      
9100    50    0.0688     16911       7390      26      
9200    50    0.049001     14259       5103      26      
9300    50    0.0451     14088       4777      26      
9400    50    0.072999     14514       5067      26      
9500    50    0.051799     21649       10914      26      
9600    50    0.032599     13228       3450      26      
9700    50    0.0611     14568       4714      26      
9800    50    0.047001     17868       7257      26      
9900    50    0.042399     14512       4604      26      
10000    50    0.049301     14302       4082      26      
