100    50    0.0082     223       123      22      
200    50    0.003401     482       216      22      
300    50    0.0047     709       346      22      
400    50    0.0049     865       289      22      
500    50    0.0022     587       140      22      
600    50    0.0097     2163       1548      22      
700    50    0.0062     1020       227      22      
800    50    0.008599     2136       1042      22      
900    50    0.024901     2377       1063      22      
1000    50    0.004799     1386       371      22      
1100    50    0.0151     3925       1802      22      
1200    50    0.0146     2922       1475      22      
1300    50    0.0089     2016       667      22      
1400    50    0.0163     4699       2839      22      
1500    50    0.0313     4161       2587      22      
1600    50    0.026801     3078       1487      22      
1700    50    0.0056     2173       376      22      
1800    50    0.0139     5004       1503      22      
1900    50    0.0349     6150       4151      22      
2000    50    0.0383     6069       4047      22      
2100    50    0.021999     5687       3551      22      
2200    50    0.040399     5176       2454      22      
2300    50    0.0314     8289       5565      22      
2400    50    0.020999     4680       2329      22      
2500    50    0.009501     3668       889      22      
2600    50    0.029201     6361       3813      22      
2700    50    0.0912     5999       3188      22      
2800    50    0.057601     12351       9543      22      
2900    50    0.0236     7389       4345      22      
3000    50    0.0466     10402       4491      22      
3100    50    0.1177     7955       4818      22      
3200    50    0.0281     7742       3766      22      
3300    50    0.0338     9625       6212      22      
3400    50    0.0051     3606       150      22      
3500    50    0.0182     6810       2449      22      
3600    50    0.018099     5963       2403      22      
3700    50    0.0686     12185       8462      22      
3800    50    0.032     12324       8564      22      
3900    50    0.0155     5086       1208      22      
4000    50    0.058901     8175       4220      22      
4100    50    0.0337     6668       2609      22      
4200    50    0.0422     9961       5621      22      
4300    50    0.0442     14250       9841      22      
4400    50    0.0355     7530       2682      22      
4500    50    0.0595     13725       8939      22      
4600    50    0.0439     11923       7342      22      
4700    50    0.0156     6021       1217      22      
4800    50    0.041601     9285       4327      22      
4900    50    0.0809     12737       7748      22      
5000    50    0.0079     5179       234      22      
5100    50    0.047901     9520       4439      22      
5200    50    0.055301     10714       5434      22      
5300    50    0.0621     14201       8762      22      
5400    50    0.0409     10812       5313      22      
5500    50    0.0527     13938       8330      22      
5600    50    0.051     9540       3950      22      
5700    50    0.0244     9404       3730      22      
5800    50    0.0595     12668       6467      22      
5900    50    0.0229     6801       492      22      
6000    50    0.0324     8466       1951      22      
6100    50    0.0124     6643       596      22      
6200    50    0.033201     11137       4754      22      
6300    50    0.014     7121       738      22      
6400    50    0.0331     7264       819      22      
6500    50    0.0447     13446       6830      22      
6600    50    0.1249     22417       15789      22      
6700    50    0.062     11733       5073      22      
6800    50    0.0091     7444       663      22      
6900    50    0.062999     9518       2367      22      
7000    50    0.0595     13362       6366      22      
7100    50    0.0829     19305       12029      22      
7200    50    0.042     20667       13412      22      
7300    50    0.011401     8491       946      22      
7400    50    0.0555     14775       7337      22      
7500    50    0.0389     15390       7700      22      
7600    50    0.0089     8244       400      22      
7700    50    0.1678     17522       9689      22      
7800    50    0.0614     13590       5717      22      
7900    50    0.0314     10050       1746      22      
8000    50    0.031     10680       2649      22      
8100    50    0.0788     28806       20684      22      
8200    50    0.017301     9079       896      22      
8300    50    0.1008     21411       13174      22      
8400    50    0.074701     15151       6713      22      
8500    50    0.0207     9614       1135      22      
8600    50    0.0452     20674       12062      22      
8700    50    0.0955     25919       17192      22      
8800    50    0.0526     20989       12246      22      
8900    50    0.0368     13267       4308      22      
9000    50    0.0618     17051       7550      22      
9100    50    0.068299     17414       7997      22      
9200    50    0.1991     17577       8280      22      
9300    50    0.028099     10121       742      22      
9400    50    0.055899     15375       5496      22      
9500    50    0.2401     29158       19490      22      
9600    50    0.0367     19256       9596      22      
9700    50    0.112701     24504       14366      22      
9800    50    0.1047     38031       28176      22      
9900    50    0.1132     23510       13568      22      
10000    50    0.049099     16874       6921      22      
