100    50    0.004     273       159      49      
200    50    0.0038     627       334      49      
300    50    0.004     586       286      49      
400    50    0.0063     1360       493      49      
500    50    0.0078     1824       1043      49      
600    50    0.0093     1381       723      49      
700    50    0.0082     1885       969      49      
800    50    0.0069     2234       850      49      
900    50    0.0101     3089       1984      49      
1000    50    0.0066     1819       691      49      
1100    50    0.0144     2386       1277      49      
1200    50    0.0126     4910       2517      49      
1300    50    0.0247     2711       1379      49      
1400    50    0.036799     4015       2615      49      
1500    50    0.0027     1580       122      49      
1600    50    0.0078     2163       385      49      
1700    50    0.016799     4647       2751      49      
1800    50    0.0092     2834       623      49      
1900    50    0.031199     6175       4322      49      
2000    50    0.0095     3807       1835      49      
2100    50    0.028799     7845       4998      49      
2200    50    0.013201     3520       1189      49      
2300    50    0.0196     5315       2987      49      
2400    50    0.0221     4219       1653      49      
2500    50    0.0315     3476       892      49      
2600    50    0.0213     6858       3968      49      
2700    50    0.0853     5502       2809      49      
2800    50    0.009299     3628       597      49      
2900    50    0.0275     3815       882      49      
3000    50    0.0158     3869       711      49      
3100    50    0.016099     4773       1285      49      
3200    50    0.0104     3900       689      49      
3300    50    0.0288     5850       2293      49      
3400    50    0.020799     5701       1916      49      
3500    50    0.0607     10026       6554      49      
3600    50    0.0213     5835       2200      49      
3700    50    0.053     9486       5642      49      
3800    50    0.021799     7621       3678      49      
3900    50    0.0554     16649       12589      49      
4000    50    0.0269     5478       1532      49      
4100    50    0.051201     7216       3146      49      
4200    50    0.064301     10194       5883      49      
4300    50    0.0371     8304       3922      49      
4400    50    0.0525     8013       3619      49      
4500    50    0.013201     6001       1368      49      
4600    50    0.026999     6730       1882      49      
4700    50    0.0546     13156       8400      49      
4800    50    0.0251     5885       767      49      
4900    50    0.049401     11876       6946      49      
5000    50    0.025601     8159       2995      49      
5100    50    0.013601     6931       1744      49      
5200    50    0.050999     9866       4525      49      
5300    50    0.050301     10073       4674      49      
5400    50    0.0285     8538       3019      49      
5500    50    0.044699     9302       3239      49      
5600    50    0.019399     6870       1076      49      
5700    50    0.0373     9584       3945      49      
5800    50    0.096799     18320       12181      49      
5900    50    0.0657     13725       7814      49      
6000    50    0.025199     7900       1832      49      
6100    50    0.0197     8040       1611      49      
6200    50    0.0381     11379       5029      49      
6300    50    0.054199     14983       8733      49      
6400    50    0.031599     11269       4904      49      
6500    50    0.0763     17719       11075      49      
6600    50    0.014701     8306       1615      49      
6700    50    0.099101     14158       7308      49      
6800    50    0.0616     19292       12505      49      
6900    50    0.0292     9398       2402      49      
7000    50    0.0488     16546       9305      49      
7100    50    0.063901     12952       5828      49      
7200    50    0.177001     24046       16831      49      
7300    50    0.049299     12809       5429      49      
7400    50    0.0949     22917       15200      49      
7500    50    0.071101     28196       20422      49      
7600    50    0.0562     17382       9579      49      
7700    50    0.0453     20616       12715      49      
7800    50    0.0762     22295       14397      49      
7900    50    0.0242     13384       4090      49      
8000    50    0.0292     12275       3905      49      
8100    50    0.0095     8452       316      49      
8200    50    0.046799     11883       3547      49      
8300    50    0.097899     13073       4702      49      
8400    50    0.0623     18573       8971      49      
8500    50    0.044999     12394       3451      49      
8600    50    0.079001     18511       9493      49      
8700    50    0.1087     20124       11203      49      
8800    50    0.0586     16686       7947      49      
8900    50    0.1256     28644       19534      49      
9000    50    0.032199     12092       3002      49      
9100    50    0.0735     23940       14808      49      
9200    50    0.0713     23062       13698      49      
9300    50    0.028399     12852       3544      49      
9400    50    0.1024     39643       30098      49      
9500    50    0.1352     25761       16273      49      
9600    50    0.071699     21986       12346      49      
9700    50    0.102599     26565       16765      49      
9800    50    0.0711     19917       10013      49      
9900    50    0.109901     26969       16958      49      
10000    50    0.022001     11762       1580      49      
