100    50    0.002201     277       184      90      
200    50    0.003801     544       297      90      
300    50    0.0212     665       375      90      
400    50    0.0045     724       354      90      
500    50    0.0074     1531       920      90      
600    50    0.0053     1731       586      90      
700    50    0.011101     1862       1073      90      
800    50    0.0108     2179       1299      90      
900    50    0.0098     1610       734      90      
1000    50    0.008     1893       791      90      
1100    50    0.011     3035       1870      90      
1200    50    0.0146     3626       1774      90      
1300    50    0.007     2626       1275      90      
1400    50    0.0127     2772       1119      90      
1500    50    0.0257     2898       1195      90      
1600    50    0.012     2879       1243      90      
1700    50    0.011401     3105       1446      90      
1800    50    0.0156     4677       2920      90      
1900    50    0.018301     4567       2694      90      
2000    50    0.025101     5979       4028      90      
2100    50    0.034001     6382       4201      90      
2200    50    0.0413     7587       4909      90      
2300    50    0.0263     4989       2583      90      
2400    50    0.008201     3236       723      90      
2500    50    0.0385     4755       1968      90      
2600    50    0.009099     3363       751      90      
2700    50    0.0051     2906       138      90      
2800    50    0.0273     6736       3788      90      
2900    50    0.041     7167       4048      90      
3000    50    0.0335     5369       2374      90      
3100    50    0.0321     8785       5678      90      
3200    50    0.031     4999       1734      90      
3300    50    0.0292     5769       2518      90      
3400    50    0.019301     5495       2019      90      
3500    50    0.019099     8287       4733      90      
3600    50    0.0345     8472       4703      90      
3700    50    0.025701     11539       7797      90      
3800    50    0.0155     6924       3169      90      
3900    50    0.0069     4443       347      90      
4000    50    0.0059     4295       176      90      
4100    50    0.0076     4446       323      90      
4200    50    0.0256     6524       2293      90      
4300    50    0.0569     11729       7186      90      
4400    50    0.036199     9636       5151      90      
4500    50    0.0414     13767       8899      90      
4600    50    0.0348     9393       4682      90      
4700    50    0.044401     9561       4568      90      
4800    50    0.0516     12123       7357      90      
4900    50    0.0467     8860       3920      90      
5000    50    0.0176     6722       1590      90      
5100    50    0.05     10671       5550      90      
5200    50    0.0434     15639       10020      90      
5300    50    0.036801     9261       3384      90      
5400    50    0.072699     8637       3194      90      
5500    50    0.0437     12796       7208      90      
5600    50    0.0484     13373       7619      90      
5700    50    0.0877     19100       13424      90      
5800    50    0.024501     8148       2352      90      
5900    50    0.021199     7605       1590      90      
6000    50    0.0865     22522       16554      90      
6100    50    0.072401     11661       5527      90      
6200    50    0.032599     14131       6914      90      
6300    50    0.0573     24222       15027      90      
6400    50    0.0644     14887       8460      90      
6500    50    0.062201     15083       8525      90      
6600    50    0.093899     17700       11015      90      
6700    50    0.036101     16241       9399      90      
6800    50    0.035101     15289       8294      90      
6900    50    0.028601     13448       6454      90      
7000    50    0.0753     21705       14661      90      
7100    50    0.0377     10550       3482      90      
7200    50    0.0455     13271       6107      90      
7300    50    0.036299     12137       4749      90      
7400    50    0.1106     25087       17362      90      
7500    50    0.032799     13889       6415      90      
7600    50    0.016499     8931       1269      90      
7700    50    0.0177     9646       1718      90      
7800    50    0.0383     12560       4656      90      
7900    50    0.0194     10820       2035      90      
8000    50    0.037401     18787       10727      90      
8100    50    0.084599     20944       12867      90      
8200    50    0.109699     40573       32131      90      
8300    50    0.1368     11956       3614      90      
8400    50    0.0842     28901       20407      90      
8500    50    0.101701     20237       11482      90      
8600    50    0.1502     25945       17090      90      
8700    50    0.0817     23419       14377      90      
8800    50    0.0213     10807       1881      90      
8900    50    0.0434     12803       3660      90      
9000    50    0.019599     10751       1605      90      
9100    50    0.089601     25165       15933      90      
9200    50    0.1448     19054       9917      90      
9300    50    0.082     21042       10688      90      
9400    50    0.0639     18648       9199      90      
9500    50    0.151399     22621       13150      90      
9600    50    0.0369     12082       2423      90      
9700    50    0.1721     26086       16097      90      
9800    50    0.1057     20426       10595      90      
9900    50    0.0389     14167       4121      90      
10000    50    0.0468     15467       5234      90      
