100    50    0.002701     386       273      95      
200    50    0.004801     895       685      95      
300    50    0.005101     976       529      95      
400    50    0.008     1280       846      95      
500    50    0.0042     690       164      95      
600    50    0.0077     1398       828      95      
700    50    0.008601     1229       444      95      
800    50    0.0042     1903       210      95      
900    50    0.0083     1733       683      95      
1000    50    0.0078     2305       1255      95      
1100    50    0.0046     1394       318      95      
1200    50    0.004401     1613       402      95      
1300    50    0.032599     2992       1601      95      
1400    50    0.004601     1743       274      95      
1500    50    0.010701     2577       1006      95      
1600    50    0.031401     6870       4446      95      
1700    50    0.024201     4657       2730      95      
1800    50    0.023     4639       2794      95      
1900    50    0.0167     3707       1841      95      
2000    50    0.013099     4325       2233      95      
2100    50    0.0163     4273       1703      95      
2200    50    0.0386     4651       2269      95      
2300    50    0.048299     8139       5686      95      
2400    50    0.0393     5362       2884      95      
2500    50    0.0238     4807       2134      95      
2600    50    0.0329     4460       1748      95      
2700    50    0.0111     3870       844      95      
2800    50    0.0308     8265       5412      95      
2900    50    0.059301     4809       1862      95      
3000    50    0.025801     6772       3455      95      
3100    50    0.027     3460       382      95      
3200    50    0.040901     11116       4829      95      
3300    50    0.022201     5107       1792      95      
3400    50    0.0298     9473       6011      95      
3500    50    0.0526     7322       3778      95      
3600    50    0.0366     7986       4264      95      
3700    50    0.047499     11680       7899      95      
3800    50    0.019499     7548       3561      95      
3900    50    0.035899     11580       7741      95      
4000    50    0.027199     6784       2753      95      
4100    50    0.0247     6217       2003      95      
4200    50    0.040901     5789       1513      95      
4300    50    0.087299     12900       8239      95      
4400    50    0.027399     5961       1590      95      
4500    50    0.008799     4966       402      95      
4600    50    0.0367     11090       5196      95      
4700    50    0.04     7637       2939      95      
4800    50    0.071999     8798       3537      95      
4900    50    0.056599     11820       6922      95      
5000    50    0.009601     5659       649      95      
5100    50    0.0389     8087       2982      95      
5200    50    0.0343     9416       4241      95      
5300    50    0.0159     6493       1098      95      
5400    50    0.054601     10825       5375      95      
5500    50    0.0543     17046       11495      95      
5600    50    0.0825     13469       7839      95      
5700    50    0.0515     10213       4455      95      
5800    50    0.0443     17049       11200      95      
5900    50    0.031     8970       2473      95      
6000    50    0.0945     21207       14546      95      
6100    50    0.0635     14321       7983      95      
6200    50    0.018     8340       1840      95      
6300    50    0.033201     9887       3495      95      
6400    50    0.011699     7528       983      95      
6500    50    0.0424     20556       13780      95      
6600    50    0.0963     12080       5435      95      
6700    50    0.0541     18315       11555      95      
6800    50    0.061     13275       6420      95      
6900    50    0.0614     15555       8634      95      
7000    50    0.111599     20695       13734      95      
7100    50    0.0368     11525       4279      95      
7200    50    0.0081     7359       195      95      
7300    50    0.0168     9731       2423      95      
7400    50    0.053     11484       3615      95      
7500    50    0.0691     26274       18568      95      
7600    50    0.1003     12494       4852      95      
7700    50    0.044799     14186       6483      95      
7800    50    0.0288     12309       4246      95      
7900    50    0.0217     16681       8558      95      
8000    50    0.058901     13415       5331      95      
8100    50    0.0305     12063       3894      95      
8200    50    0.1323     22111       13748      95      
8300    50    0.0614     18286       9832      95      
8400    50    0.0674     24753       16306      95      
8500    50    0.0205     9978       890      95      
8600    50    0.0642     17253       8720      95      
8700    50    0.0253     11693       2824      95      
8800    50    0.1007     24096       15169      95      
8900    50    0.0159     9495       615      95      
9000    50    0.0838     24325       15066      95      
9100    50    0.074399     17713       8339      95      
9200    50    0.070901     17921       8711      95      
9300    50    0.0414     14125       4749      95      
9400    50    0.0804     26339       16793      95      
9500    50    0.2641     35105       25315      95      
9600    50    0.0169     10508       639      95      
9700    50    0.0844     20260       10465      95      
9800    50    0.035     13135       3342      95      
9900    50    0.0541     18987       8432      95      
10000    50    0.1086     30141       20131      95      
