100    50    0.0467     427       208      5      
200    50    0.0036     436       239      5      
300    50    0.0058     859       329      5      
400    50    0.003901     841       496      5      
500    50    0.002599     630       163      5      
600    50    0.0059     1350       485      5      
700    50    0.006799     1459       648      5      
800    50    0.0081     1333       503      5      
900    50    0.0076     1550       441      5      
1000    50    0.0315     3228       1821      5      
1100    50    0.010201     1902       712      5      
1200    50    0.012799     2018       714      5      
1300    50    0.0069     2839       1541      5      
1400    50    0.0161     4344       2674      5      
1500    50    0.024901     3595       2065      5      
1600    50    0.0065     2117       542      5      
1700    50    0.017101     4885       1251      5      
1800    50    0.007     2397       489      5      
1900    50    0.0229     4240       2275      5      
2000    50    0.0046     2249       213      5      
2100    50    0.0134     2988       892      5      
2200    50    0.0118     4579       2434      5      
2300    50    0.0333     5460       3168      5      
2400    50    0.015     3750       1380      5      
2500    50    0.0313     9924       7212      5      
2600    50    0.0237     3148       473      5      
2700    50    0.0424     7559       4782      5      
2800    50    0.0081     3341       425      5      
2900    50    0.0388     10515       7390      5      
3000    50    0.0583     7198       3829      5      
3100    50    0.0383     5697       2330      5      
3200    50    0.0239     5631       2418      5      
3300    50    0.0859     10281       6859      5      
3400    50    0.058501     8160       4726      5      
3500    50    0.0172     5845       2121      5      
3600    50    0.0179     5524       1638      5      
3700    50    0.0466     11199       3879      5      
3800    50    0.021     9035       5025      5      
3900    50    0.0227     7953       2149      5      
4000    50    0.054901     13046       8957      5      
4100    50    0.0148     5181       833      5      
4200    50    0.0451     10856       6595      5      
4300    50    0.057999     10929       6679      5      
4400    50    0.0469     8159       3718      5      
4500    50    0.036199     14219       9672      5      
4600    50    0.008     5049       460      5      
4700    50    0.063101     9305       4378      5      
4800    50    0.0112     9681       188      5      
4900    50    0.0319     7046       2155      5      
5000    50    0.0569     14283       9311      5      
5100    50    0.0301     8261       3172      5      
5200    50    0.0633     14738       9441      5      
5300    50    0.0224     8339       3044      5      
5400    50    0.018     8001       1879      5      
5500    50    0.0227     8075       2454      5      
5600    50    0.0087     6150       345      5      
5700    50    0.036     10157       4482      5      
5800    50    0.056701     15142       9358      5      
5900    50    0.0226     8113       2142      5      
6000    50    0.0753     15207       9140      5      
6100    50    0.068001     15305       9134      5      
6200    50    0.0468     13626       7327      5      
6300    50    0.0669     10550       4109      5      
6400    50    0.0136     7692       1259      5      
6500    50    0.009099     7222       528      5      
6600    50    0.0196     9507       2705      5      
6700    50    0.0082     6796       127      5      
6800    50    0.073699     10090       3281      5      
6900    50    0.0917     11632       4512      5      
7000    50    0.0385     10648       2966      5      
7100    50    0.0388     14657       7443      5      
7200    50    0.0479     13153       5969      5      
7300    50    0.0757     17702       10380      5      
7400    50    0.0665     11652       4072      5      
7500    50    0.024099     9578       1941      5      
7600    50    0.053     15110       7542      5      
7700    50    0.0245     10257       2499      5      
7800    50    0.042201     11490       3544      5      
7900    50    0.048101     20718       12791      5      
8000    50    0.0182     9137       1000      5      
8100    50    0.1205     19550       10651      5      
8200    50    0.0643     25761       17526      5      
8300    50    0.0692     15441       6977      5      
8400    50    0.0952     23217       14710      5      
8500    50    0.051601     14961       6285      5      
8600    50    0.1211     27341       18717      5      
8700    50    0.065499     19542       10511      5      
8800    50    0.0371     12661       3777      5      
8900    50    0.072199     27039       17812      5      
9000    50    0.0178     10335       1156      5      
9100    50    0.060201     16364       7266      5      
9200    50    0.058201     17466       7811      5      
9300    50    0.0596     13918       4511      5      
9400    50    0.041499     14944       5094      5      
9500    50    0.1528     30007       20412      5      
9600    50    0.0343     14356       4682      5      
9700    50    0.1141     19543       9811      5      
9800    50    0.0631     17664       7754      5      
9900    50    0.074399     21820       11844      5      
10000    50    0.0681     18549       8355      5      
