100    50    0.0018     262       161      93      
200    50    0.003701     907       414      93      
300    50    0.005399     1001       684      93      
400    50    0.005901     1379       598      93      
500    50    0.007     1222       743      93      
600    50    0.003799     788       194      93      
700    50    0.010801     1822       1055      93      
800    50    0.0164     3754       2815      93      
900    50    0.007     1465       553      93      
1000    50    0.005199     1414       338      93      
1100    50    0.0106     2892       1611      93      
1200    50    0.011099     2541       1361      93      
1300    50    0.011601     4159       1897      93      
1400    50    0.0152     3468       1702      93      
1500    50    0.0145     3651       2146      93      
1600    50    0.013701     3713       2136      93      
1700    50    0.018099     5900       3775      93      
1800    50    0.017199     3437       1453      93      
1900    50    0.0181     4384       2448      93      
2000    50    0.012901     4956       2934      93      
2100    50    0.0214     6377       4222      93      
2200    50    0.0152     3595       1309      93      
2300    50    0.019     5448       3088      93      
2400    50    0.0382     4659       2187      93      
2500    50    0.0379     8371       5863      93      
2600    50    0.009499     3614       704      93      
2700    50    0.036799     5482       2729      93      
2800    50    0.026999     7236       4432      93      
2900    50    0.035599     4897       1909      93      
3000    50    0.059501     5489       2182      93      
3100    50    0.0218     6480       2598      93      
3200    50    0.0316     5160       1841      93      
3300    50    0.031     10354       7061      93      
3400    50    0.0242     9020       5416      93      
3500    50    0.020499     3909       420      93      
3600    50    0.0346     8405       4853      93      
3700    50    0.043     9606       5778      93      
3800    50    0.0081     4312       537      93      
3900    50    0.0675     7927       3691      93      
4000    50    0.0237     6872       2885      93      
4100    50    0.049001     8927       3191      93      
4200    50    0.034599     7330       2991      93      
4300    50    0.070501     13652       9325      93      
4400    50    0.0403     10007       5487      93      
4500    50    0.073     17885       12066      93      
4600    50    0.0239     7372       2521      93      
4700    50    0.0715     13833       8988      93      
4800    50    0.0361     7245       2339      93      
4900    50    0.0614     12093       7192      93      
5000    50    0.031799     10748       5809      93      
5100    50    0.083299     11337       6261      93      
5200    50    0.043999     8541       3272      93      
5300    50    0.0538     16070       10104      93      
5400    50    0.044099     11456       6062      93      
5500    50    0.0506     14794       8945      93      
5600    50    0.0756     17024       11270      93      
5700    50    0.0491     14193       8256      93      
5800    50    0.0409     8372       2562      93      
5900    50    0.0475     10407       3758      93      
6000    50    0.0634     13218       7172      93      
6100    50    0.0239     11788       5561      93      
6200    50    0.0439     9175       2614      93      
6300    50    0.041399     12740       6469      93      
6400    50    0.0537     14159       7600      93      
6500    50    0.03     9733       3265      93      
6600    50    0.071299     13286       6549      93      
6700    50    0.034801     10317       3621      93      
6800    50    0.0747     10783       3905      93      
6900    50    0.0767     14714       6230      93      
7000    50    0.0895     15593       8436      93      
7100    50    0.0761     18174       11032      93      
7200    50    0.0354     13696       6462      93      
7300    50    0.065     15466       8053      93      
7400    50    0.0634     17244       2261      93      
7500    50    0.1113     21974       14472      93      
7600    50    0.0482     17099       9268      93      
7700    50    0.027299     10548       2853      93      
7800    50    0.0689     18868       11083      93      
7900    50    0.074499     36527       28586      93      
8000    50    0.0528     15955       7349      93      
8100    50    0.074399     19113       11030      93      
8200    50    0.1212     15121       6117      93      
8300    50    0.0233     9661       1299      93      
8400    50    0.040201     13365       4779      93      
8500    50    0.122899     29991       21263      93      
8600    50    0.0615     21734       12935      93      
8700    50    0.0425     12596       3823      93      
8800    50    0.063799     24470       15447      93      
8900    50    0.0777     20216       11281      93      
9000    50    0.0667     18534       9542      93      
9100    50    0.01     9583       537      93      
9200    50    0.101401     23174       13970      93      
9300    50    0.069599     21200       11632      93      
9400    50    0.0116     10023       650      93      
9500    50    0.0432     13934       4276      93      
9600    50    0.0426     13036       3284      93      
9700    50    0.0612     22791       12790      93      
9800    50    0.0968     26134       16244      93      
9900    50    0.023     13164       3176      93      
10000    50    0.061799     16787       6570      93      
