100    50    0.002799     398       203      63      
200    50    0.0048     683       295      63      
300    50    0.004901     863       539      63      
400    50    0.003601     803       458      63      
500    50    0.0032     731       234      63      
600    50    0.009801     2177       1319      63      
700    50    0.0146     1941       1090      63      
800    50    0.0128     2412       766      63      
900    50    0.032299     3079       2000      63      
1000    50    0.0136     4282       2370      63      
1100    50    0.006899     2193       1092      63      
1200    50    0.0046     1488       291      63      
1300    50    0.013599     2773       1194      63      
1400    50    0.0152     3080       1377      63      
1500    50    0.0054     1969       307      63      
1600    50    0.016     4271       2316      63      
1700    50    0.0133     2734       976      63      
1800    50    0.026699     5622       2245      63      
1900    50    0.0337     5701       3183      63      
2000    50    0.0266     4308       2198      63      
2100    50    0.0249     5405       3240      63      
2200    50    0.024501     5730       3242      63      
2300    50    0.0401     5512       3273      63      
2400    50    0.021101     5958       3371      63      
2500    50    0.0331     6790       4224      63      
2600    50    0.049099     5854       3009      63      
2700    50    0.0341     7395       4450      63      
2800    50    0.0497     8056       5241      63      
2900    50    0.0164     5904       1380      63      
3000    50    0.0367     9775       3768      63      
3100    50    0.0216     5700       2544      63      
3200    50    0.0043     3294       122      63      
3300    50    0.037099     6836       3117      63      
3400    50    0.027299     7955       4521      63      
3500    50    0.026     7193       3398      63      
3600    50    0.0386     7245       3536      63      
3700    50    0.0279     6825       3158      63      
3800    50    0.0057     4252       262      63      
3900    50    0.089     11582       7642      63      
4000    50    0.053     9182       5067      63      
4100    50    0.035501     9588       4893      63      
4200    50    0.073499     14678       10496      63      
4300    50    0.0284     9809       5381      63      
4400    50    0.0473     7597       2899      63      
4500    50    0.0556     9396       4513      63      
4600    50    0.0395     7042       2318      63      
4700    50    0.010899     5596       699      63      
4800    50    0.0419     9429       4675      63      
4900    50    0.0273     6206       878      63      
5000    50    0.0854     12100       7091      63      
5100    50    0.042999     8197       3117      63      
5200    50    0.065201     13124       7835      63      
5300    50    0.0611     13352       7979      63      
5400    50    0.0553     16885       11442      63      
5500    50    0.0236     6399       891      63      
5600    50    0.0687     15870       10183      63      
5700    50    0.0437     14403       8664      63      
5800    50    0.0538     11290       5488      63      
5900    50    0.0556     11647       5558      63      
6000    50    0.181499     22057       15944      63      
6100    50    0.0556     12467       6426      63      
6200    50    0.0186     8003       1794      63      
6300    50    0.049101     13969       7296      63      
6400    50    0.0349     11341       4816      63      
6500    50    0.0494     12212       5631      63      
6600    50    0.0452     17750       10973      63      
6700    50    0.0397     10382       3665      63      
6800    50    0.0457     11694       4927      63      
6900    50    0.0279     9985       3010      63      
7000    50    0.045001     18942       11979      63      
7100    50    0.0472     10758       3692      63      
7200    50    0.0392     10357       3158      63      
7300    50    0.0245     10157       2850      63      
7400    50    0.0476     12095       4589      63      
7500    50    0.0363     11028       2702      63      
7600    50    0.0615     24937       17311      63      
7700    50    0.0763     19454       11496      63      
7800    50    0.079701     12972       5231      63      
7900    50    0.056199     16519       8376      63      
8000    50    0.0824     26134       17825      63      
8100    50    0.060499     15079       6976      63      
8200    50    0.073101     20704       12259      63      
8300    50    0.0838     17355       8866      63      
8400    50    0.056001     25299       16641      63      
8500    50    0.0831     22997       14204      63      
8600    50    0.019401     10690       1739      63      
8700    50    0.082701     24779       15973      63      
8800    50    0.057     21447       12635      63      
8900    50    0.0549     13677       4646      63      
9000    50    0.0974     25654       16573      63      
9100    50    0.080799     27565       18489      63      
9200    50    0.0527     20732       11440      63      
9300    50    0.067101     24418       13956      63      
9400    50    0.0227     12641       2068      63      
9500    50    0.058599     16616       7030      63      
9600    50    0.073299     19267       9494      63      
9700    50    0.090001     21514       11685      63      
9800    50    0.105199     26628       16819      63      
9900    50    0.0961     18635       8508      63      
10000    50    0.051001     14427       4287      63      
