100    50    0.034899     391       133      15      
200    50    0.003001     359       176      15      
300    50    0.0041     613       330      15      
400    50    0.005001     974       500      15      
500    50    0.005701     1260       663      15      
600    50    0.020699     1259       532      15      
700    50    0.004801     1158       351      15      
800    50    0.0037     906       136      15      
900    50    0.004901     1108       185      15      
1000    50    0.0073     2484       1483      15      
1100    50    0.0101     2457       1315      15      
1200    50    0.0157     3304       1670      15      
1300    50    0.0104     2934       1151      15      
1400    50    0.027899     9403       6611      15      
1500    50    0.010601     2537       929      15      
1600    50    0.0102     2407       832      15      
1700    50    0.015199     3663       1858      15      
1800    50    0.009801     2586       746      15      
1900    50    0.0345     5889       3577      15      
2000    50    0.044499     6353       4063      15      
2100    50    0.0155     3355       1245      15      
2200    50    0.038999     5695       2294      15      
2300    50    0.040601     5343       2971      15      
2400    50    0.0233     5211       2552      15      
2500    50    0.0135     4083       1315      15      
2600    50    0.0333     4576       1852      15      
2700    50    0.0328     4337       1663      15      
2800    50    0.045301     6137       3228      15      
2900    50    0.042001     7073       4108      15      
3000    50    0.024399     6088       1671      15      
3100    50    0.008     3596       456      15      
3200    50    0.027     6740       3471      15      
3300    50    0.050699     4053       791      15      
3400    50    0.004601     3581       160      15      
3500    50    0.033001     9008       5526      15      
3600    50    0.028399     6727       3032      15      
3700    50    0.063699     9131       5309      15      
3800    50    0.045     6917       3049      15      
3900    50    0.0085     4946       698      15      
4000    50    0.031101     8055       4112      15      
4100    50    0.0484     9955       5847      15      
4200    50    0.0397     9052       3719      15      
4300    50    0.0271     6421       1996      15      
4400    50    0.0155     5513       1139      15      
4500    50    0.0468     10229       5678      15      
4600    50    0.0307     10011       5387      15      
4700    50    0.010099     5617       697      15      
4800    50    0.0315     6676       1874      15      
4900    50    0.067399     10268       5345      15      
5000    50    0.036399     8898       3908      15      
5100    50    0.021299     7737       2539      15      
5200    50    0.0361     8307       3061      15      
5300    50    0.0294     6859       1556      15      
5400    50    0.064     19557       13959      15      
5500    50    0.0468     14035       3007      15      
5600    50    0.0464     15012       9285      15      
5700    50    0.0277     12834       7074      15      
5800    50    0.0603     12349       6458      15      
5900    50    0.0542     13876       7293      15      
6000    50    0.079899     14284       8091      15      
6100    50    0.0463     12204       4989      15      
6200    50    0.0529     14758       8481      15      
6300    50    0.027     9565       3238      15      
6400    50    0.0455     11473       5045      15      
6500    50    0.034301     9472       2989      15      
6600    50    0.025899     8550       1824      15      
6700    50    0.0479     10262       3519      15      
6800    50    0.008499     7266       363      15      
6900    50    0.0117     7590       475      15      
7000    50    0.0718     18111       11059      15      
7100    50    0.028     9556       2478      15      
7200    50    0.0378     12637       5323      15      
7300    50    0.071701     25920       18298      15      
7400    50    0.0801     18082       10617      15      
7500    50    0.0516     15901       8291      15      
7600    50    0.048901     13150       5404      15      
7700    50    0.036501     9699       2034      15      
7800    50    0.0322     13961       5934      15      
7900    50    0.0416     12859       4966      15      
8000    50    0.019     9980       1930      15      
8100    50    0.0769     17015       8856      15      
8200    50    0.02     10091       1934      15      
8300    50    0.0528     12097       3284      15      
8400    50    0.0357     13524       4409      15      
8500    50    0.0494     15194       5278      15      
8600    50    0.0239     10708       2061      15      
8700    50    0.048701     13794       4486      15      
8800    50    0.025701     11414       2548      15      
8900    50    0.073     23584       14130      15      
9000    50    0.094099     15349       6293      15      
9100    50    0.0934     26258       17140      15      
9200    50    0.0508     17625       8384      15      
9300    50    0.063599     15737       6407      15      
9400    50    0.08     20325       10964      15      
9500    50    0.142099     17807       8308      15      
9600    50    0.1122     14378       4781      15      
9700    50    0.0185     10637       724      15      
9800    50    0.0781     29778       20012      15      
9900    50    0.0755     22383       12428      15      
10000    50    0.2427     27447       16121      15      
