100    50    0.0049     290       136      44      
200    50    0.0032     541       232      44      
300    50    0.0031     474       168      44      
400    50    0.0048     931       538      44      
500    50    0.0079     1561       915      44      
600    50    0.005501     1899       1277      44      
700    50    0.008499     1729       1008      44      
800    50    0.0108     2491       1496      44      
900    50    0.033001     2409       1243      44      
1000    50    0.0133     3548       2494      44      
1100    50    0.0098     2845       1801      44      
1200    50    0.011999     2936       1712      44      
1300    50    0.0081     1855       544      44      
1400    50    0.0101     2400       914      44      
1500    50    0.013001     4153       1236      44      
1600    50    0.0133     2709       1128      44      
1700    50    0.0136     4038       1452      44      
1800    50    0.0177     6603       4824      44      
1900    50    0.012001     3016       1125      44      
2000    50    0.0171     5565       1404      44      
2100    50    0.0212     5724       3635      44      
2200    50    0.0382     5846       3662      44      
2300    50    0.020501     4369       2099      44      
2400    50    0.0191     4258       980      44      
2500    50    0.0233     5994       3232      44      
2600    50    0.0283     7379       4763      44      
2700    50    0.018001     4699       1533      44      
2800    50    0.039     5034       2219      44      
2900    50    0.0151     5300       2354      44      
3000    50    0.0467     7806       4752      44      
3100    50    0.0537     9627       6515      44      
3200    50    0.0088     3955       786      44      
3300    50    0.0304     8146       4782      44      
3400    50    0.0058     3617       261      44      
3500    50    0.018801     4910       1288      44      
3600    50    0.033099     13903       10330      44      
3700    50    0.0406     9288       5521      44      
3800    50    0.012     5243       1189      44      
3900    50    0.0744     14694       10658      44      
4000    50    0.024699     6525       2544      44      
4100    50    0.0499     11625       6768      44      
4200    50    0.0361     9901       5477      44      
4300    50    0.051701     13763       8826      44      
4400    50    0.0465     9379       5036      44      
4500    50    0.0697     9136       4565      44      
4600    50    0.0466     9044       4421      44      
4700    50    0.033501     11193       6462      44      
4800    50    0.0536     11176       6301      44      
4900    50    0.039599     8691       3716      44      
5000    50    0.050001     6348       1182      44      
5100    50    0.0297     14045       8966      44      
5200    50    0.0627     14554       9396      44      
5300    50    0.008199     6244       469      44      
5400    50    0.0074     5953       474      44      
5500    50    0.013201     6693       1161      44      
5600    50    0.0683     16679       10947      44      
5700    50    0.069801     10447       4504      44      
5800    50    0.0229     8157       2386      44      
5900    50    0.057301     11483       5510      44      
6000    50    0.077799     13782       5348      44      
6100    50    0.0716     14181       8085      44      
6200    50    0.0508     10626       4219      44      
6300    50    0.027101     9123       2592      44      
6400    50    0.111499     12805       6433      44      
6500    50    0.056701     14635       5912      44      
6600    50    0.0446     11825       5246      44      
6700    50    0.082599     9275       2587      44      
6800    50    0.0747     21715       14713      44      
6900    50    0.032     8478       1364      44      
7000    50    0.01     7214       151      44      
7100    50    0.031599     10040       2972      44      
7200    50    0.0612     18825       11144      44      
7300    50    0.0291     9870       2600      44      
7400    50    0.1176     29196       21052      44      
7500    50    0.0675     23689       15845      44      
7600    50    0.063     18641       10413      44      
7700    50    0.0546     14929       6648      44      
7800    50    0.0452     18367       10598      44      
7900    50    0.020199     9890       1978      44      
8000    50    0.041199     16615       8417      44      
8100    50    0.1484     25116       16237      44      
8200    50    0.011799     9089       706      44      
8300    50    0.1143     33806       25441      44      
8400    50    0.039799     15715       7209      44      
8500    50    0.074399     17926       9301      44      
8600    50    0.0873     19692       11045      44      
8700    50    0.060601     19763       11048      44      
8800    50    0.1116     14680       5856      44      
8900    50    0.0219     10267       1298      44      
9000    50    0.2072     26131       16679      44      
9100    50    0.102     31684       22486      44      
9200    50    0.0506     20603       11240      44      
9300    50    0.041499     18277       8595      44      
9400    50    0.032099     11176       1729      44      
9500    50    0.154899     23261       13689      44      
9600    50    0.046401     13881       4288      44      
9700    50    0.0645     14776       5107      44      
9800    50    0.0327     12243       2292      44      
9900    50    0.072699     20442       10520      44      
10000    50    0.055501     16517       6413      44      
