100    50    0.002399     351       193      86      
200    50    0.003399     628       336      86      
300    50    0.0053     772       440      86      
400    50    0.0071     1510       680      86      
500    50    0.004599     1358       361      86      
600    50    0.0091     1670       1009      86      
700    50    0.0063     1584       288      86      
800    50    0.003199     1015       170      86      
900    50    0.017801     4205       2429      86      
1000    50    0.0035     1208       252      86      
1100    50    0.005599     1324       206      86      
1200    50    0.0039     1455       193      86      
1300    50    0.0149     3114       1765      86      
1400    50    0.0091     2027       656      86      
1500    50    0.0087     2283       799      86      
1600    50    0.0289     4656       3124      86      
1700    50    0.0146     3856       1892      86      
1800    50    0.022101     2558       591      86      
1900    50    0.0377     6639       4648      86      
2000    50    0.031     3413       1327      86      
2100    50    0.0592     7723       5619      86      
2200    50    0.0413     5031       2783      86      
2300    50    0.036599     3849       1467      86      
2400    50    0.041601     7108       4680      86      
2500    50    0.0115     3443       720      86      
2600    50    0.0065     2914       295      86      
2700    50    0.0338     4346       1567      86      
2800    50    0.0331     11923       9145      86      
2900    50    0.0254     3746       856      86      
3000    50    0.048501     9282       4227      86      
3100    50    0.026499     7268       4177      86      
3200    50    0.034699     5068       1878      86      
3300    50    0.048501     7780       4545      86      
3400    50    0.0461     4187       827      86      
3500    50    0.027401     6471       2827      86      
3600    50    0.019299     6909       2386      86      
3700    50    0.0447     9337       5654      86      
3800    50    0.0423     5090       1253      86      
3900    50    0.0518     15144       11219      86      
4000    50    0.037199     8004       3597      86      
4100    50    0.0537     10410       6176      86      
4200    50    0.0306     5912       1544      86      
4300    50    0.0168     5592       1306      86      
4400    50    0.0469     9240       4684      86      
4500    50    0.0355     7654       3032      86      
4600    50    0.0159     5733       1146      86      
4700    50    0.013     5908       993      86      
4800    50    0.0398     10052       5195      86      
4900    50    0.056001     11962       7046      86      
5000    50    0.0389     9945       4766      86      
5100    50    0.0536     11524       6460      86      
5200    50    0.075201     9924       4631      86      
5300    50    0.044799     8688       3387      86      
5400    50    0.0068     5895       292      86      
5500    50    0.050501     21249       15588      86      
5600    50    0.0376     8752       3120      86      
5700    50    0.0404     11934       6135      86      
5800    50    0.027301     9750       2194      86      
5900    50    0.079399     24657       17779      86      
6000    50    0.031501     13499       7174      86      
6100    50    0.0636     14657       7493      86      
6200    50    0.0474     12040       5360      86      
6300    50    0.065599     19576       13343      86      
6400    50    0.0296     13642       7211      86      
6500    50    0.015799     7813       1314      86      
6600    50    0.0381     8652       2039      86      
6700    50    0.058201     14790       8005      86      
6800    50    0.058699     17179       9533      86      
6900    50    0.018601     8697       1648      86      
7000    50    0.034699     9070       2026      86      
7100    50    0.0693     16483       9317      86      
7200    50    0.0364     11110       2903      86      
7300    50    0.0555     15285       7880      86      
7400    50    0.0622     15265       7873      86      
7500    50    0.043801     15418       7633      86      
7600    50    0.0579     12703       5080      86      
7700    50    0.0445     13032       5243      86      
7800    50    0.0471     14711       6791      86      
7900    50    0.0566     18659       10743      86      
8000    50    0.0674     23438       15258      86      
8100    50    0.0533     17769       9656      86      
8200    50    0.0492     13403       5215      86      
8300    50    0.133601     22378       13844      86      
8400    50    0.0511     22911       14454      86      
8500    50    0.0699     22556       13927      86      
8600    50    0.0215     10897       2239      86      
8700    50    0.0769     32612       23873      86      
8800    50    0.0914     27860       18697      86      
8900    50    0.044999     12474       3560      86      
9000    50    0.058699     14014       4481      86      
9100    50    0.054099     14328       5168      86      
9200    50    0.028399     12959       3591      86      
9300    50    0.021199     12254       2845      86      
9400    50    0.0788     23756       14352      86      
9500    50    0.0481     17744       7996      86      
9600    50    0.072     26886       17295      86      
9700    50    0.042799     14696       4281      86      
9800    50    0.116801     21176       11122      86      
9900    50    0.0112     10534       485      86      
10000    50    0.081701     33360       23078      86      
