100    50    0.0054     601       372      47      
200    50    0.0031     910       479      47      
300    50    0.005199     854       539      47      
400    50    0.0048     1147       372      47      
500    50    0.0075     1413       909      47      
600    50    0.0035     743       184      47      
700    50    0.0084     2247       1084      47      
800    50    0.0071     1259       423      47      
900    50    0.010899     2684       1732      47      
1000    50    0.015     1772       662      47      
1100    50    0.0154     3136       1041      47      
1200    50    0.029201     3696       2457      47      
1300    50    0.0246     2533       1261      47      
1400    50    0.0296     8305       6864      47      
1500    50    0.012299     2901       1412      47      
1600    50    0.0291     3166       1499      47      
1700    50    0.0142     3963       1494      47      
1800    50    0.0074     2425       619      47      
1900    50    0.0301     4344       2393      47      
2000    50    0.0536     8218       5139      47      
2100    50    0.014     3605       892      47      
2200    50    0.0136     3588       1180      47      
2300    50    0.005999     2770       273      47      
2400    50    0.0082     3223       680      47      
2500    50    0.0091     3120       610      47      
2600    50    0.0347     4036       1368      47      
2700    50    0.0055     2942       236      47      
2800    50    0.0377     5083       2104      47      
2900    50    0.0432     6737       3772      47      
3000    50    0.036     7932       1820      47      
3100    50    0.0291     5593       2545      47      
3200    50    0.021501     5888       2731      47      
3300    50    0.0134     4278       863      47      
3400    50    0.0281     7685       4152      47      
3500    50    0.0334     6778       2721      47      
3600    50    0.0514     11128       7528      47      
3700    50    0.011399     4393       730      47      
3800    50    0.038     13198       9263      47      
3900    50    0.0142     5425       1524      47      
4000    50    0.049     9512       5480      47      
4100    50    0.0487     12294       8100      47      
4200    50    0.0283     5494       1352      47      
4300    50    0.01     4928       422      47      
4400    50    0.0508     11294       6868      47      
4500    50    0.039499     9647       5208      47      
4600    50    0.0383     7796       3001      47      
4700    50    0.047799     13079       8209      47      
4800    50    0.0602     10826       6027      47      
4900    50    0.100201     15941       10748      47      
5000    50    0.0419     9992       4617      47      
5100    50    0.034099     13943       8483      47      
5200    50    0.059101     14158       8829      47      
5300    50    0.0613     14013       8522      47      
5400    50    0.1109     16075       9338      47      
5500    50    0.0297     7071       1450      47      
5600    50    0.0871     20132       14402      47      
5700    50    0.012101     6678       847      47      
5800    50    0.0377     8756       3017      47      
5900    50    0.0075     6211       153      47      
6000    50    0.0539     15088       9045      47      
6100    50    0.0537     10031       3552      47      
6200    50    0.050599     14700       8473      47      
6300    50    0.048     15248       9007      47      
6400    50    0.0204     8916       2516      47      
6500    50    0.081101     27205       16871      47      
6600    50    0.0629     17109       10231      47      
6700    50    0.1375     22105       15121      47      
6800    50    0.0795     18357       11563      47      
6900    50    0.058599     12094       5131      47      
7000    50    0.0394     11772       4664      47      
7100    50    0.134601     28640       21579      47      
7200    50    0.0205     10080       2863      47      
7300    50    0.094101     15932       8537      47      
7400    50    0.092299     20933       13528      47      
7500    50    0.0603     17861       10128      47      
7600    50    0.010399     8960       873      47      
7700    50    0.015     8985       1133      47      
7800    50    0.070201     24854       17115      47      
7900    50    0.0736     25660       17668      47      
8000    50    0.0253     12017       2936      47      
8100    50    0.0478     18841       10365      47      
8200    50    0.0688     15724       7453      47      
8300    50    0.110499     32405       24111      47      
8400    50    0.047699     11523       3008      47      
8500    50    0.036701     11831       3302      47      
8600    50    0.052     14222       5652      47      
8700    50    0.0586     11759       2427      47      
8800    50    0.0604     19659       10678      47      
8900    50    0.1063     18566       9665      47      
9000    50    0.0636     15739       6591      47      
9100    50    0.0185     11018       1628      47      
9200    50    0.0544     14251       5062      47      
9300    50    0.056699     16234       6975      47      
9400    50    0.143     20338       10872      47      
9500    50    0.148801     19763       10151      47      
9600    50    0.058699     19016       9247      47      
9700    50    0.1063     18428       8550      47      
9800    50    0.0536     22203       12379      47      
9900    50    0.092899     28694       18619      47      
10000    50    0.140401     21078       10958      47      
