100    50    0.002801     275       130      57      
200    50    0.004001     828       485      57      
300    50    0.004999     798       294      57      
400    50    0.005499     960       610      57      
500    50    0.004399     1024       455      57      
600    50    0.008599     2078       1333      57      
700    50    0.006399     996       180      57      
800    50    0.010501     1784       1034      57      
900    50    0.0153     3528       2562      57      
1000    50    0.0298     2600       1647      57      
1100    50    0.0113     2208       907      57      
1200    50    0.009399     2200       988      57      
1300    50    0.031699     4276       2965      57      
1400    50    0.0044     1684       284      57      
1500    50    0.0051     2068       346      57      
1600    50    0.025999     2593       941      57      
1700    50    0.0149     3679       1947      57      
1800    50    0.0244     5750       3952      57      
1900    50    0.0129     3421       1386      57      
2000    50    0.0284     5468       3336      57      
2100    50    0.007001     2679       575      57      
2200    50    0.0285     4792       2443      57      
2300    50    0.0226     6163       3736      57      
2400    50    0.035099     3744       1403      57      
2500    50    0.0303     8444       4510      57      
2600    50    0.0158     4159       1430      57      
2700    50    0.0449     6748       3224      57      
2800    50    0.0463     5725       2791      57      
2900    50    0.033299     4510       1655      57      
3000    50    0.034701     10320       7245      57      
3100    50    0.0058     3628       374      57      
3200    50    0.015     6866       3335      57      
3300    50    0.041     6912       3582      57      
3400    50    0.033299     9995       5835      57      
3500    50    0.0284     5351       1812      57      
3600    50    0.044301     8167       4531      57      
3700    50    0.042101     9758       5987      57      
3800    50    0.044701     12161       8262      57      
3900    50    0.0752     11450       7501      57      
4000    50    0.065401     16638       10001      57      
4100    50    0.0515     9899       5740      57      
4200    50    0.0653     10073       5826      57      
4300    50    0.0458     9317       4985      57      
4400    50    0.0596     9123       4709      57      
4500    50    0.038699     6451       1972      57      
4600    50    0.062     12600       8016      57      
4700    50    0.006199     4825       127      57      
4800    50    0.041899     8215       3471      57      
4900    50    0.066     15558       9479      57      
5000    50    0.0408     10365       5030      57      
5100    50    0.049099     11011       5783      57      
5200    50    0.0371     8071       2771      57      
5300    50    0.0215     5833       431      57      
5400    50    0.0207     7923       2458      57      
5500    50    0.0462     8062       2553      57      
5600    50    0.0163     6438       812      57      
5700    50    0.0521     14076       8366      57      
5800    50    0.040399     17989       11899      57      
5900    50    0.0431     15628       9791      57      
6000    50    0.065399     12524       6387      57      
6100    50    0.1514     29733       18875      57      
6200    50    0.181401     18199       12030      57      
6300    50    0.0346     11239       4822      57      
6400    50    0.051099     13940       7567      57      
6500    50    0.062099     26661       20122      57      
6600    50    0.026799     10642       4103      57      
6700    50    0.1257     18637       10426      57      
6800    50    0.0296     12787       5932      57      
6900    50    0.0407     10989       3571      57      
7000    50    0.0252     8679       1599      57      
7100    50    0.088201     23926       16794      57      
7200    50    0.009499     7685       194      57      
7300    50    0.042099     15054       7487      57      
7400    50    0.0277     9224       1701      57      
7500    50    0.041     14862       7178      57      
7600    50    0.0239     10921       3319      57      
7700    50    0.0488     13324       5597      57      
7800    50    0.071499     20578       12780      57      
7900    50    0.0399     21846       13707      57      
8000    50    0.1006     34116       23328      57      
8100    50    0.0114     8736       461      57      
8200    50    0.0519     17943       9642      57      
8300    50    0.0668     11494       3145      57      
8400    50    0.0458     16735       8235      57      
8500    50    0.053101     12187       3677      57      
8600    50    0.066099     34601       25984      57      
8700    50    0.0762     21274       12522      57      
8800    50    0.0171     10239       1414      57      
8900    50    0.021901     11384       2336      57      
9000    50    0.0767     11209       2156      57      
9100    50    0.2299     17364       8323      57      
9200    50    0.0686     19967       10675      57      
9300    50    0.0657     25586       15891      57      
9400    50    0.067399     16824       7365      57      
9500    50    0.0476     13406       3586      57      
9600    50    0.053     15521       5603      57      
9700    50    0.028199     20106       10238      57      
9800    50    0.066701     17168       7259      57      
9900    50    0.0755     24141       14286      57      
10000    50    0.049699     15745       5606      57      
