100    50    0.003401     309       202      99      
200    50    0.004801     496       249      99      
300    50    0.007     706       386      99      
400    50    0.0055     895       448      99      
500    50    0.005401     1475       319      99      
600    50    0.006     1490       364      99      
700    50    0.0083     1597       657      99      
800    50    0.0056     1196       354      99      
900    50    0.0171     3338       2116      99      
1000    50    0.0156     3068       2117      99      
1100    50    0.008601     1888       844      99      
1200    50    0.005799     1822       639      99      
1300    50    0.017801     4164       2712      99      
1400    50    0.0073     2156       756      99      
1500    50    0.0058     1992       496      99      
1600    50    0.015101     3213       1608      99      
1700    50    0.0158     3332       1543      99      
1800    50    0.0055     2173       389      99      
1900    50    0.0089     2602       499      99      
2000    50    0.0215     5034       2506      99      
2100    50    0.0207     5828       3757      99      
2200    50    0.0404     5780       3409      99      
2300    50    0.0344     5425       2971      99      
2400    50    0.005     2669       182      99      
2500    50    0.0347     8733       6176      99      
2600    50    0.030099     7295       4706      99      
2700    50    0.048901     8043       5312      99      
2800    50    0.048901     10743       7853      99      
2900    50    0.0234     6262       3228      99      
3000    50    0.0572     10369       7364      99      
3100    50    0.0275     9890       6462      99      
3200    50    0.034099     5119       1649      99      
3300    50    0.0568     9633       6244      99      
3400    50    0.0115     4816       1482      99      
3500    50    0.043799     7506       4011      99      
3600    50    0.0321     5501       1908      99      
3700    50    0.020801     6117       2034      99      
3800    50    0.013001     4938       1151      99      
3900    50    0.059999     13521       9613      99      
4000    50    0.0074     4738       326      99      
4100    50    0.0251     11021       6602      99      
4200    50    0.034699     5951       1747      99      
4300    50    0.028301     6285       1920      99      
4400    50    0.0278     8531       3482      99      
4500    50    0.0599     10028       5479      99      
4600    50    0.024399     7578       3017      99      
4700    50    0.0355     7816       3014      99      
4800    50    0.031501     8572       3572      99      
4900    50    0.028099     7632       2737      99      
5000    50    0.0829     10070       4711      99      
5100    50    0.008699     5935       525      99      
5200    50    0.033     8820       3588      99      
5300    50    0.0535     20290       14998      99      
5400    50    0.0401     10748       5103      99      
5500    50    0.040601     9435       3774      99      
5600    50    0.0327     9023       3259      99      
5700    50    0.0306     7607       1704      99      
5800    50    0.1213     18499       12693      99      
5900    50    0.0765     24508       18328      99      
6000    50    0.061     13118       7178      99      
6100    50    0.0571     13655       7290      99      
6200    50    0.060101     12931       6089      99      
6300    50    0.026101     14013       7615      99      
6400    50    0.0285     10085       3569      99      
6500    50    0.035699     8674       2140      99      
6600    50    0.104999     12346       5194      99      
6700    50    0.075401     20265       12976      99      
6800    50    0.0318     12950       6173      99      
6900    50    0.0788     14147       7287      99      
7000    50    0.0713     17448       10332      99      
7100    50    0.046801     15976       8888      99      
7200    50    0.0447     13397       6132      99      
7300    50    0.109599     19094       11794      99      
7400    50    0.028799     14373       6974      99      
7500    50    0.060499     12239       4661      99      
7600    50    0.065699     22428       14717      99      
7700    50    0.0832     14413       6492      99      
7800    50    0.1631     27186       19312      99      
7900    50    0.0685     24088       16251      99      
8000    50    0.0786     19750       11714      99      
8100    50    0.0461     12591       4336      99      
8200    50    0.232901     17608       9383      99      
8300    50    0.117499     30848       22140      99      
8400    50    0.078901     24381       15276      99      
8500    50    0.0164     9947       1142      99      
8600    50    0.0754     23163       13791      99      
8700    50    0.0852     24026       15230      99      
8800    50    0.065901     19483       9648      99      
8900    50    0.037701     12594       3351      99      
9000    50    0.0696     20760       11579      99      
9100    50    0.0198     11790       1620      99      
9200    50    0.0601     15050       5751      99      
9300    50    0.0541     16163       6703      99      
9400    50    0.044701     14594       5164      99      
9500    50    0.1051     23315       13753      99      
9600    50    0.152401     31908       22286      99      
9700    50    0.021799     12135       2331      99      
9800    50    0.085     14920       5106      99      
9900    50    0.049     19145       8575      99      
10000    50    0.071301     16871       6611      99      
