100    50    0.002599     319       119      74      
200    50    0.0039     597       299      74      
300    50    0.0071     1245       787      74      
400    50    0.0072     1850       791      74      
500    50    0.0201     1520       941      74      
600    50    0.0063     1164       480      74      
700    50    0.0073     1144       343      74      
800    50    0.005501     2119       735      74      
900    50    0.004699     1363       291      74      
1000    50    0.0073     1666       698      74      
1100    50    0.0048     1596       313      74      
1200    50    0.03     4418       3260      74      
1300    50    0.0331     2439       982      74      
1400    50    0.013101     3070       1418      74      
1500    50    0.011501     3255       1694      74      
1600    50    0.0066     2071       477      74      
1700    50    0.0368     3425       1671      74      
1800    50    0.0357     7897       6003      74      
1900    50    0.007199     2471       626      74      
2000    50    0.0055     2199       217      74      
2100    50    0.0077     2537       404      74      
2200    50    0.047901     9140       6977      74      
2300    50    0.0458     7783       5180      74      
2400    50    0.0351     4105       1051      74      
2500    50    0.0414     5322       2771      74      
2600    50    0.0342     4826       2205      74      
2700    50    0.034     4057       1269      74      
2800    50    0.0274     5692       2862      74      
2900    50    0.0464     7497       4660      74      
3000    50    0.0114     4051       1028      74      
3100    50    0.024501     6727       3604      74      
3200    50    0.0069     3718       549      74      
3300    50    0.0062     3594       245      74      
3400    50    0.013399     7319       3828      74      
3500    50    0.0298     8941       5339      74      
3600    50    0.0279     8557       4821      74      
3700    50    0.021401     6005       2255      74      
3800    50    0.0235     6343       2569      74      
3900    50    0.0296     10477       6294      74      
4000    50    0.033101     6266       2310      74      
4100    50    0.0822     12256       7921      74      
4200    50    0.0322     8276       3874      74      
4300    50    0.0589     10370       5765      74      
4400    50    0.0293     5873       1342      74      
4500    50    0.0637     16753       12225      74      
4600    50    0.041501     9330       4668      74      
4700    50    0.051899     9098       4296      74      
4800    50    0.0622     7458       2715      74      
4900    50    0.0584     12649       7493      74      
5000    50    0.0458     9837       4350      74      
5100    50    0.070701     10404       4573      74      
5200    50    0.056499     16786       11099      74      
5300    50    0.0399     9751       4316      74      
5400    50    0.055     13363       7547      74      
5500    50    0.0392     10591       4981      74      
5600    50    0.0234     7221       1474      74      
5700    50    0.019501     7915       2131      74      
5800    50    0.035399     8087       2047      74      
5900    50    0.0423     10296       4399      74      
6000    50    0.106     14866       8836      74      
6100    50    0.1319     16952       10751      74      
6200    50    0.0516     19055       12777      74      
6300    50    0.043899     12258       5862      74      
6400    50    0.0648     15743       9123      74      
6500    50    0.0493     19947       13380      74      
6600    50    0.0315     9525       2787      74      
6700    50    0.0746     16118       9416      74      
6800    50    0.0153     8426       1627      74      
6900    50    0.074801     19131       12230      74      
7000    50    0.0186     7892       853      74      
7100    50    0.056801     9691       2502      74      
7200    50    0.067099     19097       11866      74      
7300    50    0.0115     7780       431      74      
7400    50    0.0669     11056       3604      74      
7500    50    0.058001     15706       8225      74      
7600    50    0.125799     18444       10829      74      
7700    50    0.048901     14177       6320      74      
7800    50    0.0605     21357       10284      74      
7900    50    0.0456     19188       11097      74      
8000    50    0.0913     23397       15399      74      
8100    50    0.0203     10799       2396      74      
8200    50    0.061     21215       12960      74      
8300    50    0.216599     26756       18357      74      
8400    50    0.0758     22105       13701      74      
8500    50    0.049899     12471       3741      74      
8600    50    0.0289     11416       2608      74      
8700    50    0.1139     30004       20873      74      
8800    50    0.0613     22972       14135      74      
8900    50    0.0509     19346       10371      74      
9000    50    0.0706     25497       16415      74      
9100    50    0.1109     22569       13430      74      
9200    50    0.0829     26398       14953      74      
9300    50    0.0755     29180       19838      74      
9400    50    0.1537     23098       13358      74      
9500    50    0.0536     17356       7866      74      
9600    50    0.1301     31597       21916      74      
9700    50    0.0375     13466       3787      74      
9800    50    0.1055     22384       12504      74      
9900    50    0.065     21180       11057      74      
10000    50    0.1119     15652       5644      74      
