100    50    0.004     433       248      88      
200    50    0.003799     607       342      88      
300    50    0.0025     424       166      88      
400    50    0.003599     602       186      88      
500    50    0.0033     981       536      88      
600    50    0.003301     807       227      88      
700    50    0.0112     1646       897      88      
800    50    0.0066     1659       893      88      
900    50    0.0245     2847       693      88      
1000    50    0.029     3619       1859      88      
1100    50    0.012799     2853       1612      88      
1200    50    0.005499     1616       444      88      
1300    50    0.005501     1915       479      88      
1400    50    0.0039     1610       183      88      
1500    50    0.020899     1850       285      88      
1600    50    0.0108     3017       1062      88      
1700    50    0.0162     3814       2122      88      
1800    50    0.0118     3152       1314      88      
1900    50    0.032799     6121       3502      88      
2000    50    0.0228     4248       2253      88      
2100    50    0.021     2588       413      88      
2200    50    0.0057     2464       236      88      
2300    50    0.011     3523       892      88      
2400    50    0.0378     4505       2166      88      
2500    50    0.0307     3741       1298      88      
2600    50    0.0834     12755       10145      88      
2700    50    0.026599     6261       3598      88      
2800    50    0.0176     6441       3632      88      
2900    50    0.0393     6450       2700      88      
3000    50    0.055     11444       8424      88      
3100    50    0.012001     4347       1269      88      
3200    50    0.045199     10697       6506      88      
3300    50    0.0159     4880       1546      88      
3400    50    0.0216     6424       2935      88      
3500    50    0.0374     5250       1657      88      
3600    50    0.03     9275       5543      88      
3700    50    0.0482     8381       4688      88      
3800    50    0.0656     9732       5831      88      
3900    50    0.0252     6593       2213      88      
4000    50    0.044101     5653       1686      88      
4100    50    0.0105     4721       673      88      
4200    50    0.0481     9922       5749      88      
4300    50    0.057301     7727       3371      88      
4400    50    0.0607     18147       13698      88      
4500    50    0.0038     4499       50      88      
4600    50    0.0387     10334       5654      88      
4700    50    0.1184     11087       6356      88      
4800    50    0.0456     14903       10161      88      
4900    50    0.039601     12809       7916      88      
5000    50    0.009799     5589       450      88      
5100    50    0.0248     9261       4024      88      
5200    50    0.0312     11956       1594      88      
5300    50    0.0159     6625       1187      88      
5400    50    0.058599     19654       14214      88      
5500    50    0.0181     7380       1731      88      
5600    50    0.063999     17222       11533      88      
5700    50    0.0608     17672       11885      88      
5800    50    0.0782     15306       9433      88      
5900    50    0.048001     8474       2602      88      
6000    50    0.046599     8598       2365      88      
6100    50    0.0328     7273       1109      88      
6200    50    0.0381     9713       3361      88      
6300    50    0.0255     7448       1082      88      
6400    50    0.073999     20337       13644      88      
6500    50    0.028399     9812       3211      88      
6600    50    0.116     22835       16226      88      
6700    50    0.0691     19194       12050      88      
6800    50    0.021499     8764       1963      88      
6900    50    0.0541     16062       9150      88      
7000    50    0.0639     10539       3517      88      
7100    50    0.0351     12025       4898      88      
7200    50    0.047     14763       6943      88      
7300    50    0.0505     16358       8642      88      
7400    50    0.1006     12924       5511      88      
7500    50    0.0443     13678       6008      88      
7600    50    0.054     9555       1950      88      
7700    50    0.050499     16706       8706      88      
7800    50    0.0313     14921       7059      88      
7900    50    0.020299     10982       2596      88      
8000    50    0.0627     18849       10782      88      
8100    50    0.036901     17653       9249      88      
8200    50    0.0601     17863       9624      88      
8300    50    0.1269     22211       13759      88      
8400    50    0.042901     14245       5674      88      
8500    50    0.0685     14861       6195      88      
8600    50    0.0604     17531       8898      88      
8700    50    0.036499     12393       3268      88      
8800    50    0.0113     9246       382      88      
8900    50    0.0312     12029       2856      88      
9000    50    0.0738     15776       6791      88      
9100    50    0.056399     25462       16221      88      
9200    50    0.0854     15394       3912      88      
9300    50    0.0838     23969       14417      88      
9400    50    0.0727     18314       8735      88      
9500    50    0.0625     20466       10845      88      
9600    50    0.097299     22288       12567      88      
9700    50    0.1155     24578       14876      88      
9800    50    0.018     12152       2276      88      
9900    50    0.0717     25774       15394      88      
10000    50    0.1205     32617       22504      88      
