100    50    0.0376     269       99      17      
200    50    0.003399     505       314      17      
300    50    0.0074     916       509      17      
400    50    0.005799     1231       633      17      
500    50    0.005599     957       481      17      
600    50    0.0093     2316       338      17      
700    50    0.0107     1850       1025      17      
800    50    0.0114     1377       549      17      
900    50    0.0235     1397       457      17      
1000    50    0.0099     2150       1201      17      
1100    50    0.010601     1973       771      17      
1200    50    0.003901     1398       211      17      
1300    50    0.025499     5259       2763      17      
1400    50    0.0155     3553       2070      17      
1500    50    0.0107     2913       1181      17      
1600    50    0.0329     3074       1478      17      
1700    50    0.0119     3004       1269      17      
1800    50    0.0091     2177       408      17      
1900    50    0.0151     3346       1502      17      
2000    50    0.034801     3682       1586      17      
2100    50    0.017401     4191       2013      17      
2200    50    0.012799     3282       870      17      
2300    50    0.006999     2776       366      17      
2400    50    0.0239     6890       4411      17      
2500    50    0.0162     4210       1571      17      
2600    50    0.044799     6606       3881      17      
2700    50    0.0294     10545       6095      17      
2800    50    0.0535     13292       10244      17      
2900    50    0.0154     5210       2204      17      
3000    50    0.0181     4252       1198      17      
3100    50    0.0444     9457       5880      17      
3200    50    0.0164     5178       1929      17      
3300    50    0.049599     5456       2136      17      
3400    50    0.004901     3527       118      17      
3500    50    0.0447     6760       3024      17      
3600    50    0.0222     4255       451      17      
3700    50    0.044299     5871       1885      17      
3800    50    0.023199     6929       2937      17      
3900    50    0.057399     12416       8382      17      
4000    50    0.0151     5260       1260      17      
4100    50    0.0317     7702       3391      17      
4200    50    0.059401     17182       12738      17      
4300    50    0.034099     8385       4113      17      
4400    50    0.035501     7770       3400      17      
4500    50    0.0473     9457       4864      17      
4600    50    0.0723     8270       2767      17      
4700    50    0.0266     7920       3114      17      
4800    50    0.0448     14427       9447      17      
4900    50    0.0311     6571       1558      17      
5000    50    0.0537     10051       4970      17      
5100    50    0.039801     13592       8462      17      
5200    50    0.032199     5752       559      17      
5300    50    0.0323     11787       6039      17      
5400    50    0.042999     14096       8682      17      
5500    50    0.051199     10457       4321      17      
5600    50    0.125901     15056       9099      17      
5700    50    0.0532     11823       6009      17      
5800    50    0.0529     14239       8443      17      
5900    50    0.088201     16475       10531      17      
6000    50    0.042001     10020       4041      17      
6100    50    0.063199     16821       10748      17      
6200    50    0.0138     7360       1150      17      
6300    50    0.0695     22946       16620      17      
6400    50    0.0692     19708       12484      17      
6500    50    0.0382     13338       5839      17      
6600    50    0.048501     9459       2769      17      
6700    50    0.0626     13268       6385      17      
6800    50    0.0488     16720       9253      17      
6900    50    0.039899     9566       2581      17      
7000    50    0.058601     20811       13772      17      
7100    50    0.071501     14530       7410      17      
7200    50    0.0448     10705       3141      17      
7300    50    0.081601     22135       14754      17      
7400    50    0.0349     9987       2467      17      
7500    50    0.0945     15602       8038      17      
7600    50    0.041001     13426       5818      17      
7700    50    0.081601     15220       7453      17      
7800    50    0.031901     10963       2861      17      
7900    50    0.053     14657       6598      17      
8000    50    0.025999     10303       2142      17      
8100    50    0.026801     10424       2346      17      
8200    50    0.1167     18193       9952      17      
8300    50    0.0261     18185       868      17      
8400    50    0.0879     17728       9290      17      
8500    50    0.0296     12994       4150      17      
8600    50    0.0419     14359       5532      17      
8700    50    0.057999     18057       9184      17      
8800    50    0.056301     19077       10212      17      
8900    50    0.072801     23235       13879      17      
9000    50    0.031     17636       8478      17      
9100    50    0.041501     15609       6305      17      
9200    50    0.079801     24407       15063      17      
9300    50    0.0537     19564       10244      17      
9400    50    0.0168     10592       912      17      
9500    50    0.047     14779       5150      17      
9600    50    0.07     17368       6954      17      
9700    50    0.0646     16571       6783      17      
9800    50    0.074799     33563       23288      17      
9900    50    0.0446     22969       13071      17      
10000    50    0.011399     10417       425      17      
