100    50    0.0075     211       86      25      
200    50    0.003699     682       331      25      
300    50    0.0037     604       339      25      
400    50    0.0071     1461       1036      25      
500    50    0.009399     1182       477      25      
600    50    0.005499     1230       460      25      
700    50    0.008401     1578       869      25      
800    50    0.009999     1887       1055      25      
900    50    0.005799     1313       412      25      
1000    50    0.0078     1575       605      25      
1100    50    0.0062     1834       530      25      
1200    50    0.0039     1445       260      25      
1300    50    0.012401     2852       1495      25      
1400    50    0.005401     1973       494      25      
1500    50    0.0129     2967       1399      25      
1600    50    0.0316     4858       2785      25      
1700    50    0.0109     2867       1072      25      
1800    50    0.0193     4547       2737      25      
1900    50    0.006901     2486       573      25      
2000    50    0.0676     9207       7194      25      
2100    50    0.0056     2297       185      25      
2200    50    0.0302     3323       1112      25      
2300    50    0.033599     7292       3487      25      
2400    50    0.0146     3588       1224      25      
2500    50    0.0254     5923       3303      25      
2600    50    0.0175     4270       1653      25      
2700    50    0.0212     6144       3197      25      
2800    50    0.0142     5337       2438      25      
2900    50    0.020201     7430       4444      25      
3000    50    0.026001     6550       3526      25      
3100    50    0.0414     9379       6264      25      
3200    50    0.0164     6061       1563      25      
3300    50    0.0158     4495       1057      25      
3400    50    0.0229     7072       1860      25      
3500    50    0.050499     10890       7280      25      
3600    50    0.027099     5214       1251      25      
3700    50    0.0228     6144       2419      25      
3800    50    0.011999     4813       989      25      
3900    50    0.0331     9630       5659      25      
4000    50    0.0842     12888       8519      25      
4100    50    0.0444     6057       2020      25      
4200    50    0.0613     14078       9719      25      
4300    50    0.0271     6722       2347      25      
4400    50    0.0679     15023       9882      25      
4500    50    0.0541     8748       4060      25      
4600    50    0.0458     10609       5967      25      
4700    50    0.0624     9248       4489      25      
4800    50    0.0163     6133       1340      25      
4900    50    0.0232     6207       1228      25      
5000    50    0.032701     8256       3313      25      
5100    50    0.0141     6161       1001      25      
5200    50    0.0334     6854       1598      25      
5300    50    0.055701     8911       3670      25      
5400    50    0.061     17404       11970      25      
5500    50    0.0547     10914       4854      25      
5600    50    0.048101     11691       6071      25      
5700    50    0.0992     11359       5543      25      
5800    50    0.050099     17281       11423      25      
5900    50    0.0394     9432       3301      25      
6000    50    0.069599     9631       3511      25      
6100    50    0.0716     16911       10542      25      
6200    50    0.0645     14087       7597      25      
6300    50    0.0752     21378       15143      25      
6400    50    0.0572     16418       7192      25      
6500    50    0.0144     7735       1197      25      
6600    50    0.028901     10586       2631      25      
6700    50    0.0426     10369       3695      25      
6800    50    0.0346     11132       4261      25      
6900    50    0.0327     9732       2780      25      
7000    50    0.0885     18285       11133      25      
7100    50    0.2125     18244       11043      25      
7200    50    0.028301     8623       1336      25      
7300    50    0.042799     10390       3143      25      
7400    50    0.0518     14357       6853      25      
7500    50    0.0113     8153       647      25      
7600    50    0.0394     12858       5139      25      
7700    50    0.063499     14082       6017      25      
7800    50    0.012001     8817       862      25      
7900    50    0.010299     8540       535      25      
8000    50    0.0379     25770       17413      25      
8100    50    0.0496     14398       4100      25      
8200    50    0.0484     16036       7271      25      
8300    50    0.1119     24768       16370      25      
8400    50    0.1634     18386       9863      25      
8500    50    0.0299     11208       2644      25      
8600    50    0.0618     16423       7713      25      
8700    50    0.056499     16008       6979      25      
8800    50    0.0242     11746       2925      25      
8900    50    0.0579     17699       8409      25      
9000    50    0.0833     22597       11842      25      
9100    50    0.1102     28191       19137      25      
9200    50    0.0455     17176       7791      25      
9300    50    0.0685     25686       16293      25      
9400    50    0.0351     11749       2355      25      
9500    50    0.0203     11945       1666      25      
9600    50    0.0154     10594       1051      25      
9700    50    0.156499     31299       11954      25      
9800    50    0.0244     12032       2185      25      
9900    50    0.1079     15926       5506      25      
10000    50    0.0546     14390       4372      25      
