100    50    0.062499     258       104      3      
200    50    0.0053     678       466      3      
300    50    0.0058     543       178      3      
400    50    0.005201     949       512      3      
500    50    0.003901     827       314      3      
600    50    0.004     1007       404      3      
700    50    0.009901     1483       717      3      
800    50    0.013501     2922       1350      3      
900    50    0.0247     2814       1819      3      
1000    50    0.008799     3140       1401      3      
1100    50    0.009001     2335       1238      3      
1200    50    0.013099     2891       1708      3      
1300    50    0.0106     2948       1551      3      
1400    50    0.0123     3320       1632      3      
1500    50    0.0354     3609       1995      3      
1600    50    0.013599     3703       2060      3      
1700    50    0.010201     2225       569      3      
1800    50    0.0203     5177       2866      3      
1900    50    0.0209     4111       2184      3      
2000    50    0.0281     7513       3905      3      
2100    50    0.0205     4423       2161      3      
2200    50    0.0199     4110       1754      3      
2300    50    0.0426     6406       4081      3      
2400    50    0.045     7103       4706      3      
2500    50    0.039     3779       1329      3      
2600    50    0.03     3706       1116      3      
2700    50    0.048799     7822       4524      3      
2800    50    0.028099     6331       3522      3      
2900    50    0.0333     7539       4641      3      
3000    50    0.0264     5622       2321      3      
3100    50    0.0227     6071       2915      3      
3200    50    0.022201     5394       2113      3      
3300    50    0.0187     4730       1391      3      
3400    50    0.011201     4702       1028      3      
3500    50    0.0504     6914       2911      3      
3600    50    0.012699     4656       1029      3      
3700    50    0.0134     5401       1515      3      
3800    50    0.048499     16922       12908      3      
3900    50    0.027     10969       6865      3      
4000    50    0.0498     10399       6426      3      
4100    50    0.0452     15460       11224      3      
4200    50    0.039501     10430       6103      3      
4300    50    0.0764     13167       8175      3      
4400    50    0.053     13883       9248      3      
4500    50    0.0308     6729       2053      3      
4600    50    0.0464     9135       4559      3      
4700    50    0.062201     10086       5284      3      
4800    50    0.009501     5350       495      3      
4900    50    0.0127     5623       620      3      
5000    50    0.0515     12249       7279      3      
5100    50    0.0064     5528       236      3      
5200    50    0.0089     5640       442      3      
5300    50    0.048799     14881       9457      3      
5400    50    0.130901     10837       5293      3      
5500    50    0.0452     9152       3561      3      
5600    50    0.050899     19181       9828      3      
5700    50    0.059699     9935       4196      3      
5800    50    0.0713     21331       15472      3      
5900    50    0.036     7810       1875      3      
6000    50    0.076201     17850       11693      3      
6100    50    0.072801     18056       11818      3      
6200    50    0.062599     13104       5227      3      
6300    50    0.077299     13032       6309      3      
6400    50    0.0684     25612       16972      3      
6500    50    0.0416     15767       8568      3      
6600    50    0.0554     15921       9327      3      
6700    50    0.082999     12395       5191      3      
6800    50    0.0235     9455       2387      3      
6900    50    0.019899     9225       1510      3      
7000    50    0.058     11522       4475      3      
7100    50    0.016801     9070       1777      3      
7200    50    0.0426     12220       4584      3      
7300    50    0.074501     21047       13643      3      
7400    50    0.0761     15962       8503      3      
7500    50    0.039199     9948       2460      3      
7600    50    0.0074     7803       187      3      
7700    50    0.063     16361       8627      3      
7800    50    0.0668     16870       8888      3      
7900    50    0.027101     10937       2908      3      
8000    50    0.010401     8650       545      3      
8100    50    0.0835     12644       4497      3      
8200    50    0.051099     13428       5197      3      
8300    50    0.0784     13312       4872      3      
8400    50    0.069401     15367       4330      3      
8500    50    0.0142     9985       873      3      
8600    50    0.0919     23552       14169      3      
8700    50    0.0451     20379       11510      3      
8800    50    0.058501     16439       7522      3      
8900    50    0.0772     30246       21104      3      
9000    50    0.052401     18194       9162      3      
9100    50    0.0535     21866       12823      3      
9200    50    0.027501     17397       8198      3      
9300    50    0.035801     19110       9833      3      
9400    50    0.0873     27770       18272      3      
9500    50    0.081999     31953       20566      3      
9600    50    0.0798     20391       10749      3      
9700    50    0.0443     13888       3777      3      
9800    50    0.090701     22778       12862      3      
9900    50    0.074601     29196       19119      3      
10000    50    0.0147     11074       931      3      
