100    50    0.002401     198       82      38      
200    50    0.0042     585       367      38      
300    50    0.005201     951       591      38      
400    50    0.004201     702       322      38      
500    50    0.006499     2231       781      38      
600    50    0.0095     1905       1160      38      
700    50    0.0097     1497       775      38      
800    50    0.0109     1544       688      38      
900    50    0.020101     1368       391      38      
1000    50    0.006599     1445       357      38      
1100    50    0.005501     1661       380      38      
1200    50    0.0065     2047       870      38      
1300    50    0.009401     1829       549      38      
1400    50    0.0165     3724       2314      38      
1500    50    0.0145     3168       1651      38      
1600    50    0.0164     3783       2099      38      
1700    50    0.010799     2677       882      38      
1800    50    0.013799     3442       1618      38      
1900    50    0.0221     3850       1887      38      
2000    50    0.0206     6147       3996      38      
2100    50    0.0247     4778       2602      38      
2200    50    0.0308     5143       2922      38      
2300    50    0.027899     3566       1209      38      
2400    50    0.042399     4934       2533      38      
2500    50    0.011499     3557       1093      38      
2600    50    0.0108     3459       776      38      
2700    50    0.0379     5316       2635      38      
2800    50    0.0314     3446       679      38      
2900    50    0.0238     5574       2616      38      
3000    50    0.034101     6959       3951      38      
3100    50    0.035401     9443       6243      38      
3200    50    0.025399     7003       3622      38      
3300    50    0.0542     10084       6776      38      
3400    50    0.004699     3453       106      38      
3500    50    0.0288     7185       3462      38      
3600    50    0.0249     8284       4607      38      
3700    50    0.041101     7551       3794      38      
3800    50    0.0672     6723       2968      38      
3900    50    0.0479     12194       7990      38      
4000    50    0.0699     7094       2909      38      
4100    50    0.035     9947       5893      38      
4200    50    0.047999     6167       1916      38      
4300    50    0.049601     14571       10204      38      
4400    50    0.060201     10019       5164      38      
4500    50    0.0414     12894       4632      38      
4600    50    0.0315     8013       3426      38      
4700    50    0.0157     5934       1047      38      
4800    50    0.0228     5595       583      38      
4900    50    0.013     5734       557      38      
5000    50    0.0423     7795       2754      38      
5100    50    0.0276     9720       4662      38      
5200    50    0.0468     10643       5311      38      
5300    50    0.0662     17731       12135      38      
5400    50    0.0626     14945       9534      38      
5500    50    0.041099     10783       4852      38      
5600    50    0.0667     12100       6486      38      
5700    50    0.048999     11822       5474      38      
5800    50    0.0357     11625       5760      38      
5900    50    0.042     9173       3161      38      
6000    50    0.041499     7625       986      38      
6100    50    0.0291     12835       6644      38      
6200    50    0.0094     6746       559      38      
6300    50    0.0475     18799       12060      38      
6400    50    0.0263     7876       1349      38      
6500    50    0.0405     14708       8106      38      
6600    50    0.0607     10387       3779      38      
6700    50    0.062601     15655       8991      38      
6800    50    0.0072     7023       207      38      
6900    50    0.0315     12271       5165      38      
7000    50    0.0673     14555       7476      38      
7100    50    0.027401     10385       2756      38      
7200    50    0.011099     7689       411      38      
7300    50    0.074     11964       4455      38      
7400    50    0.059499     13691       6313      38      
7500    50    0.012799     8226       635      38      
7600    50    0.034201     11554       3927      38      
7700    50    0.100999     29279       21558      38      
7800    50    0.0533     18350       10591      38      
7900    50    0.062199     29997       22143      38      
8000    50    0.045299     24249       16214      38      
8100    50    0.1431     18013       9938      38      
8200    50    0.010499     8484       302      38      
8300    50    0.055901     15710       7381      38      
8400    50    0.040201     11256       2818      38      
8500    50    0.0673     14538       5890      38      
8600    50    0.1076     20393       11639      38      
8700    50    0.0311     17504       8767      38      
8800    50    0.0259     16932       7966      38      
8900    50    0.160801     28318       19265      38      
9000    50    0.0492     22628       12523      38      
9100    50    0.040299     14391       3776      38      
9200    50    0.018901     9985       689      38      
9300    50    0.0812     22257       12825      38      
9400    50    0.1044     23067       13710      38      
9500    50    0.081301     12750       3201      38      
9600    50    0.151899     26614       16924      38      
9700    50    0.0729     15391       5324      38      
9800    50    0.081901     21085       11318      38      
9900    50    0.040901     17999       8013      38      
10000    50    0.033401     20564       10378      38      
