100    50    0.0046     423       357      43      
200    50    0.0041     660       467      43      
300    50    0.004799     746       425      43      
400    50    0.0044     690       278      43      
500    50    0.0054     833       286      43      
600    50    0.0069     1333       694      43      
700    50    0.004899     1047       257      43      
800    50    0.0117     1683       893      43      
900    50    0.026599     2193       1245      43      
1000    50    0.0066     1619       651      43      
1100    50    0.0029     1179       115      43      
1200    50    0.009499     2166       806      43      
1300    50    0.0148     2761       1452      43      
1400    50    0.004801     1939       319      43      
1500    50    0.0293     3922       2378      43      
1600    50    0.0227     5642       3577      43      
1700    50    0.0128     4691       2926      43      
1800    50    0.014099     4071       2302      43      
1900    50    0.0152     3722       1633      43      
2000    50    0.0227     5392       2011      43      
2100    50    0.024601     5481       3272      43      
2200    50    0.014799     4697       2556      43      
2300    50    0.011499     3060       639      43      
2400    50    0.0255     6079       3071      43      
2500    50    0.033399     5426       2896      43      
2600    50    0.0262     6618       3710      43      
2700    50    0.045499     6507       3736      43      
2800    50    0.1081     8332       5370      43      
2900    50    0.051001     5040       2188      43      
3000    50    0.025701     4495       1449      43      
3100    50    0.035401     4567       1524      43      
3200    50    0.0199     8638       5409      43      
3300    50    0.0382     6275       2633      43      
3400    50    0.0199     8392       4242      43      
3500    50    0.0622     9115       5545      43      
3600    50    0.0231     7725       4120      43      
3700    50    0.1001     7946       4147      43      
3800    50    0.029399     8470       4443      43      
3900    50    0.035     6208       2339      43      
4000    50    0.0441     9350       4950      43      
4100    50    0.0468     9552       5409      43      
4200    50    0.0363     12396       8016      43      
4300    50    0.065699     14768       10362      43      
4400    50    0.0376     7722       2985      43      
4500    50    0.0333     6434       1957      43      
4600    50    0.0442     10120       5164      43      
4700    50    0.0307     12635       7795      43      
4800    50    0.0462     13436       8622      43      
4900    50    0.056199     8866       3953      43      
5000    50    0.041     7994       2838      43      
5100    50    0.0097     5998       624      43      
5200    50    0.051999     10273       5115      43      
5300    50    0.0132     6911       1568      43      
5400    50    0.0296     9717       4303      43      
5500    50    0.0258     8437       2780      43      
5600    50    0.0267     7824       2112      43      
5700    50    0.039499     9532       3837      43      
5800    50    0.0819     16645       10791      43      
5900    50    0.0326     11622       5565      43      
6000    50    0.1083     18860       12734      43      
6100    50    0.0521     19003       12221      43      
6200    50    0.0343     8299       2047      43      
6300    50    0.0119     7334       860      43      
6400    50    0.0496     14426       7973      43      
6500    50    0.0308     8792       2175      43      
6600    50    0.0242     13056       6466      43      
6700    50    0.066699     12881       6011      43      
6800    50    0.0337     8873       1952      43      
6900    50    0.053     13422       6441      43      
7000    50    0.0289     9019       1946      43      
7100    50    0.029599     10028       2895      43      
7200    50    0.0962     31914       24512      43      
7300    50    0.017399     9082       1829      43      
7400    50    0.0291     10415       2832      43      
7500    50    0.0462     11819       4159      43      
7600    50    0.0652     21357       13712      43      
7700    50    0.0639     19551       11843      43      
7800    50    0.0887     15517       7331      43      
7900    50    0.0375     12041       4113      43      
8000    50    0.0532     21522       13408      43      
8100    50    0.039     12884       4621      43      
8200    50    0.0791     26678       17700      43      
8300    50    0.0414     12110       3839      43      
8400    50    0.053999     17799       8730      43      
8500    50    0.0931     17272       8702      43      
8600    50    0.047     14218       5661      43      
8700    50    0.109699     21424       12354      43      
8800    50    0.0671     25207       16250      43      
8900    50    0.0557     13816       4825      43      
9000    50    0.040801     15228       4451      43      
9100    50    0.116799     13898       4517      43      
9200    50    0.086799     23229       13750      43      
9300    50    0.014     10119       819      43      
9400    50    0.134201     31037       21458      43      
9500    50    0.223001     23282       11998      43      
9600    50    0.097499     19808       10052      43      
9700    50    0.125499     19462       9729      43      
9800    50    0.0712     28928       18878      43      
9900    50    0.059     16759       6751      43      
10000    50    0.0438     16091       5364      43      
