100    50    0.003101     574       319      79      
200    50    0.0046     922       304      79      
300    50    0.005399     778       436      79      
400    50    0.004099     1030       209      79      
500    50    0.0074     1108       603      79      
600    50    0.0073     1284       688      79      
700    50    0.0117     2782       1660      79      
800    50    0.025399     2048       1296      79      
900    50    0.0097     1629       601      79      
1000    50    0.0144     3061       2116      79      
1100    50    0.0197     3708       2433      79      
1200    50    0.026599     2387       1210      79      
1300    50    0.0083     3931       2650      79      
1400    50    0.0102     2637       1165      79      
1500    50    0.0081     2206       573      79      
1600    50    0.0329     4612       3024      79      
1700    50    0.025999     3919       2085      79      
1800    50    0.027999     3365       1521      79      
1900    50    0.0142     3811       1501      79      
2000    50    0.0448     5332       3145      79      
2100    50    0.0126     3051       855      79      
2200    50    0.0257     3198       1048      79      
2300    50    0.016701     3471       1219      79      
2400    50    0.0672     6373       3944      79      
2500    50    0.019801     3723       1252      79      
2600    50    0.0233     4817       2180      79      
2700    50    0.0408     4972       2303      79      
2800    50    0.034     9172       6253      79      
2900    50    0.035999     4979       2085      79      
3000    50    0.038     4893       1932      79      
3100    50    0.0363     11399       8124      79      
3200    50    0.0434     12054       8807      79      
3300    50    0.0149     7311       3818      79      
3400    50    0.0327     9604       5998      79      
3500    50    0.026799     4656       1211      79      
3600    50    0.024899     6193       2557      79      
3700    50    0.0483     8840       4690      79      
3800    50    0.015501     5020       1122      79      
3900    50    0.0095     4791       625      79      
4000    50    0.0184     6155       2002      79      
4100    50    0.0066     4546       273      79      
4200    50    0.046901     7327       2956      79      
4300    50    0.0549     10750       5987      79      
4400    50    0.011799     4667       214      79      
4500    50    0.0417     12267       7577      79      
4600    50    0.0189     6285       1727      79      
4700    50    0.0602     10216       5438      79      
4800    50    0.0617     17228       12413      79      
4900    50    0.040799     8107       3051      79      
5000    50    0.041199     10177       5118      79      
5100    50    0.064101     15988       10269      79      
5200    50    0.0604     10871       5597      79      
5300    50    0.043299     8424       3054      79      
5400    50    0.080101     26663       21290      79      
5500    50    0.0416     9923       4417      79      
5600    50    0.031     9693       2659      79      
5700    50    0.0652     19069       13233      79      
5800    50    0.034799     11451       5531      79      
5900    50    0.0639     13757       7814      79      
6000    50    0.0127     7112       914      79      
6100    50    0.0324     8297       2043      79      
6200    50    0.026899     9669       3257      79      
6300    50    0.0462     15810       9472      79      
6400    50    0.0533     12802       6396      79      
6500    50    0.0328     9382       2656      79      
6600    50    0.051699     13989       5865      79      
6700    50    0.0339     10384       3412      79      
6800    50    0.054799     13351       6473      79      
6900    50    0.0826     16924       7854      79      
7000    50    0.058199     13968       6835      79      
7100    50    0.097499     22338       15102      79      
7200    50    0.044999     12203       4774      79      
7300    50    0.035601     10630       2119      79      
7400    50    0.0392     9629       2292      79      
7500    50    0.0228     9926       2268      79      
7600    50    0.0777     15559       7892      79      
7700    50    0.0443     19425       11560      79      
7800    50    0.0745     16818       8940      79      
7900    50    0.0397     14602       6353      79      
8000    50    0.0197     9224       1264      79      
8100    50    0.0748     17314       8885      79      
8200    50    0.0841     27950       19724      79      
8300    50    0.0821     14697       5882      79      
8400    50    0.039899     13538       5006      79      
8500    50    0.177     33191       24653      79      
8600    50    0.055101     14237       5454      79      
8700    50    0.0392     13444       4694      79      
8800    50    0.1258     15697       6731      79      
8900    50    0.061899     20515       6754      79      
9000    50    0.027201     12459       3402      79      
9100    50    0.1139     28229       18918      79      
9200    50    0.051199     23060       13804      79      
9300    50    0.0368     12944       3115      79      
9400    50    0.0622     18570       5936      79      
9500    50    0.0535     14579       3886      79      
9600    50    0.180801     18452       8693      79      
9700    50    0.0545     15175       5348      79      
9800    50    0.0653     20258       10209      79      
9900    50    0.0273     12712       2817      79      
10000    50    0.0773     21799       11797      79      
