100    50    0.0259     357       191      2      
200    50    0.0065     1030       577      2      
300    50    0.003899     502       183      2      
400    50    0.006499     1020       531      2      
500    50    0.0063     1496       836      2      
600    50    0.004501     1010       354      2      
700    50    0.0138     3699       2090      2      
800    50    0.004901     987       177      2      
900    50    0.003301     1101       207      2      
1000    50    0.0084     3081       1812      2      
1100    50    0.013101     2156       929      2      
1200    50    0.0083     2698       353      2      
1300    50    0.011701     2361       966      2      
1400    50    0.010699     2617       1241      2      
1500    50    0.005101     2033       557      2      
1600    50    0.011501     2665       1014      2      
1700    50    0.014601     2940       1177      2      
1800    50    0.006     2482       361      2      
1900    50    0.0089     2760       821      2      
2000    50    0.0447     3697       1231      2      
2100    50    0.0201     4099       2011      2      
2200    50    0.0258     7255       5102      2      
2300    50    0.045     5406       3115      2      
2400    50    0.0082     2991       400      2      
2500    50    0.026001     5898       3362      2      
2600    50    0.025701     4994       2392      2      
2700    50    0.0392     6599       3753      2      
2800    50    0.011901     3628       770      2      
2900    50    0.028899     3891       1006      2      
3000    50    0.0085     4088       556      2      
3100    50    0.048101     8639       5415      2      
3200    50    0.031     6463       3254      2      
3300    50    0.036199     7117       3812      2      
3400    50    0.0332     11064       7482      2      
3500    50    0.009001     7343       346      2      
3600    50    0.032499     10751       6913      2      
3700    50    0.0519     10215       6421      2      
3800    50    0.059201     15644       11810      2      
3900    50    0.0272     6677       2814      2      
4000    50    0.026701     7895       3678      2      
4100    50    0.0397     8275       4082      2      
4200    50    0.054     8902       4732      2      
4300    50    0.0302     5888       1596      2      
4400    50    0.0359     7513       3131      2      
4500    50    0.0461     7684       3209      2      
4600    50    0.033499     7407       2801      2      
4700    50    0.043601     12216       4407      2      
4800    50    0.0453     9160       4412      2      
4900    50    0.0497     10213       5244      2      
5000    50    0.0447     15157       10026      2      
5100    50    0.0313     11719       6590      2      
5200    50    0.0841     23974       17689      2      
5300    50    0.0379     12458       7195      2      
5400    50    0.0212     7087       1679      2      
5500    50    0.049701     7611       2120      2      
5600    50    0.0528     9170       3356      2      
5700    50    0.0738     15167       9334      2      
5800    50    0.037099     9175       3364      2      
5900    50    0.0448     15676       9789      2      
6000    50    0.0829     14615       8343      2      
6100    50    0.0675     8608       2476      2      
6200    50    0.049     13105       6731      2      
6300    50    0.0221     8163       1849      2      
6400    50    0.018999     8814       2250      2      
6500    50    0.0109     7669       1105      2      
6600    50    0.033499     11115       4447      2      
6700    50    0.098801     26186       17384      2      
6800    50    0.070301     22840       15290      2      
6900    50    0.032     10435       3526      2      
7000    50    0.1323     23466       16258      2      
7100    50    0.041799     14719       7389      2      
7200    50    0.201201     22227       14824      2      
7300    50    0.059     17022       9594      2      
7400    50    0.0822     22290       14953      2      
7500    50    0.070401     18236       10325      2      
7600    50    0.0364     13694       6091      2      
7700    50    0.0093     8253       479      2      
7800    50    0.0562     17630       9717      2      
7900    50    0.065099     22487       14406      2      
8000    50    0.078099     23706       15610      2      
8100    50    0.0541     19622       11311      2      
8200    50    0.0706     25673       17088      2      
8300    50    0.0531     12161       3454      2      
8400    50    0.017801     9983       1568      2      
8500    50    0.1314     29978       13076      2      
8600    50    0.093799     16544       6408      2      
8700    50    0.0208     10032       1210      2      
8800    50    0.080599     34835       25464      2      
8900    50    0.0603     31819       21215      2      
9000    50    0.022     10979       1474      2      
9100    50    0.0669     21456       12288      2      
9200    50    0.0634     23193       13866      2      
9300    50    0.0698     19547       10272      2      
9400    50    0.0378     14010       4568      2      
9500    50    0.071599     23590       13837      2      
9600    50    0.0252     11493       1940      2      
9700    50    0.111899     29369       19398      2      
9800    50    0.0786     28138       18317      2      
9900    50    0.228799     30538       20697      2      
10000    50    0.0759     21913       11717      2      
