100    50    0.002699     391       201      61      
200    50    0.003     427       176      61      
300    50    0.004     746       210      61      
400    50    0.005199     1171       736      61      
500    50    0.0085     1333       759      61      
600    50    0.008801     1737       1098      61      
700    50    0.024599     1273       572      61      
800    50    0.005499     1244       348      61      
900    50    0.0072     1475       623      61      
1000    50    0.0082     3008       1121      61      
1100    50    0.010701     2462       1253      61      
1200    50    0.010199     2456       1026      61      
1300    50    0.0281     3266       1873      61      
1400    50    0.037     3103       1666      61      
1500    50    0.0058     1926       451      61      
1600    50    0.0114     3008       1101      61      
1700    50    0.028401     3299       1554      61      
1800    50    0.014     3350       1470      61      
1900    50    0.0077     2759       754      61      
2000    50    0.0245     4614       2561      61      
2100    50    0.0221     7936       3025      61      
2200    50    0.0153     4255       1614      61      
2300    50    0.0069     2866       416      61      
2400    50    0.033501     4289       1794      61      
2500    50    0.026501     6091       3627      61      
2600    50    0.0109     5918       669      61      
2700    50    0.0411     4998       2133      61      
2800    50    0.0389     7655       4266      61      
2900    50    0.0151     4485       1476      61      
3000    50    0.0505     7877       4756      61      
3100    50    0.023901     6278       3104      61      
3200    50    0.0225     6708       3423      61      
3300    50    0.040899     6760       3517      61      
3400    50    0.0502     10503       7158      61      
3500    50    0.0922     10258       6556      61      
3600    50    0.0482     11692       7713      61      
3700    50    0.013     5448       988      61      
3800    50    0.018099     7029       3163      61      
3900    50    0.086001     14674       10680      61      
4000    50    0.0537     10135       6151      61      
4100    50    0.0275     6857       2719      61      
4200    50    0.018699     5884       1710      61      
4300    50    0.0303     7575       3216      61      
4400    50    0.046999     8497       4107      61      
4500    50    0.0381     7885       3192      61      
4600    50    0.0772     12697       8054      61      
4700    50    0.0156     5773       914      61      
4800    50    0.071099     10937       6052      61      
4900    50    0.0744     11167       6228      61      
5000    50    0.039299     10901       5720      61      
5100    50    0.0397     8127       2565      61      
5200    50    0.040799     7532       2233      61      
5300    50    0.0821     13833       8402      61      
5400    50    0.0702     13200       7259      61      
5500    50    0.0469     13625       8006      61      
5600    50    0.0696     16319       10660      61      
5700    50    0.0346     15483       4131      61      
5800    50    0.0449     12727       6851      61      
5900    50    0.0404     8819       2897      61      
6000    50    0.1331     18665       12488      61      
6100    50    0.0348     10444       4126      61      
6200    50    0.0555     12336       5768      61      
6300    50    0.0126     7378       1027      61      
6400    50    0.0483     21347       14372      61      
6500    50    0.0132     7779       1191      61      
6600    50    0.043     13879       7310      61      
6700    50    0.121     20554       13817      61      
6800    50    0.0361     10607       3839      61      
6900    50    0.0533     14548       5487      61      
7000    50    0.056701     12866       5889      61      
7100    50    0.0103     7391       310      61      
7200    50    0.070999     16506       9367      61      
7300    50    0.0411     12485       4595      61      
7400    50    0.071401     18729       11235      61      
7500    50    0.0468     19847       12341      61      
7600    50    0.069701     36210       28571      61      
7700    50    0.081399     15810       8071      61      
7800    50    0.0459     12064       3614      61      
7900    50    0.040499     18625       10770      61      
8000    50    0.0665     13667       5382      61      
8100    50    0.0465     13049       4814      61      
8200    50    0.063901     15119       5961      61      
8300    50    0.113101     23546       15062      61      
8400    50    0.066801     21767       13173      61      
8500    50    0.0472     15577       6773      61      
8600    50    0.0552     17408       8616      61      
8700    50    0.072199     14037       5286      61      
8800    50    0.0704     18984       10149      61      
8900    50    0.058799     16224       7316      61      
9000    50    0.0767     22067       12947      61      
9100    50    0.159201     33674       22736      61      
9200    50    0.0634     22488       13208      61      
9300    50    0.083     21590       12234      61      
9400    50    0.089401     18881       9481      61      
9500    50    0.0538     21530       12041      61      
9600    50    0.1065     34986       25436      61      
9700    50    0.087699     19784       10027      61      
9800    50    0.1074     28124       18248      61      
9900    50    0.094501     35005       24983      61      
10000    50    0.0614     15544       5142      61      
