100    50    0.0038     335       152      39      
200    50    0.003901     741       218      39      
300    50    0.002099     390       115      39      
400    50    0.0074     1651       1125      39      
500    50    0.005     867       338      39      
600    50    0.0063     1361       717      39      
700    50    0.004499     1021       171      39      
800    50    0.0062     1250       486      39      
900    50    0.025701     2632       1769      39      
1000    50    0.029801     2499       1428      39      
1100    50    0.0094     2927       1848      39      
1200    50    0.0094     1725       467      39      
1300    50    0.018601     3511       1375      39      
1400    50    0.0065     1950       560      39      
1500    50    0.015     4238       2558      39      
1600    50    0.0126     4360       2393      39      
1700    50    0.004499     1932       159      39      
1800    50    0.0137     3380       1590      39      
1900    50    0.021099     4473       2559      39      
2000    50    0.016     3313       1085      39      
2100    50    0.0308     7917       5362      39      
2200    50    0.027501     2889       690      39      
2300    50    0.0399     6401       3944      39      
2400    50    0.027201     9524       5032      39      
2500    50    0.017601     4000       1362      39      
2600    50    0.0158     3876       1329      39      
2700    50    0.0279     3565       873      39      
2800    50    0.036201     5713       2243      39      
2900    50    0.041     6306       3346      39      
3000    50    0.0279     5998       2906      39      
3100    50    0.0233     3449       276      39      
3200    50    0.0198     5582       2396      39      
3300    50    0.037001     9924       6486      39      
3400    50    0.020801     6163       2760      39      
3500    50    0.047699     9186       5318      39      
3600    50    0.019401     6304       2472      39      
3700    50    0.0575     10021       6082      39      
3800    50    0.0109     5039       916      39      
3900    50    0.0393     10128       6050      39      
4000    50    0.033999     9091       1143      39      
4100    50    0.021001     6864       2590      39      
4200    50    0.0706     14104       9648      39      
4300    50    0.043999     9378       4434      39      
4400    50    0.027701     6258       1792      39      
4500    50    0.0306     8508       4056      39      
4600    50    0.0189     5902       1279      39      
4700    50    0.073801     11619       6935      39      
4800    50    0.0372     6650       1751      39      
4900    50    0.049001     9409       4293      39      
5000    50    0.0348     7244       2045      39      
5100    50    0.019501     7322       1845      39      
5200    50    0.025399     10503       185      39      
5300    50    0.040899     9807       4456      39      
5400    50    0.0347     11115       5676      39      
5500    50    0.0724     17090       11396      39      
5600    50    0.035699     8886       3341      39      
5700    50    0.041599     10669       4944      39      
5800    50    0.065299     16670       10785      39      
5900    50    0.0525     16570       10636      39      
6000    50    0.0419     8406       2406      39      
6100    50    0.0547     14430       7056      39      
6200    50    0.0185     7698       1379      39      
6300    50    0.012701     8166       1311      39      
6400    50    0.028699     7026       487      39      
6500    50    0.0593     13188       6616      39      
6600    50    0.126     24231       17423      39      
6700    50    0.018001     7766       1093      39      
6800    50    0.0403     14037       7125      39      
6900    50    0.064799     16049       8659      39      
7000    50    0.0487     12023       4930      39      
7100    50    0.0457     23122       11126      39      
7200    50    0.040701     14343       6922      39      
7300    50    0.0676     23609       16245      39      
7400    50    0.115     27676       19813      39      
7500    50    0.116501     12517       4278      39      
7600    50    0.0618     17068       9434      39      
7700    50    0.0604     19276       11487      39      
7800    50    0.0566     14062       6288      39      
7900    50    0.037199     13849       5826      39      
8000    50    0.0128     8895       877      39      
8100    50    0.057801     11509       3253      39      
8200    50    0.0498     13904       5269      39      
8300    50    0.0994     30665       22432      39      
8400    50    0.0529     11174       2350      39      
8500    50    0.0962     17641       8954      39      
8600    50    0.052499     24208       15604      39      
8700    50    0.073501     16788       7926      39      
8800    50    0.0819     28195       18771      39      
8900    50    0.062799     21137       12250      39      
9000    50    0.0329     11587       2564      39      
9100    50    0.050899     14340       5151      39      
9200    50    0.0261     10838       1584      39      
9300    50    0.011001     9836       429      39      
9400    50    0.026601     12341       2816      39      
9500    50    0.0631     20494       10717      39      
9600    50    0.0859     15439       5701      39      
9700    50    0.0653     14930       4960      39      
9800    50    0.0647     22575       12683      39      
9900    50    0.0654     19475       9537      39      
10000    50    0.0259     12320       2379      39      
