100    50    0.0016     202       105      96      
200    50    0.0064     1134       529      96      
300    50    0.0044     713       350      96      
400    50    0.0058     1141       447      96      
500    50    0.0052     1172       485      96      
600    50    0.0043     1389       783      96      
700    50    0.0261     810       102      96      
800    50    0.004401     1247       289      96      
900    50    0.0091     1903       993      96      
1000    50    0.0138     3433       2456      96      
1100    50    0.0162     2884       1649      96      
1200    50    0.0293     4052       2857      96      
1300    50    0.0086     2621       1314      96      
1400    50    0.0178     5259       3631      96      
1500    50    0.002699     1649       152      96      
1600    50    0.0275     3768       2104      96      
1700    50    0.014     3079       1285      96      
1800    50    0.013001     2684       838      96      
1900    50    0.004399     1978       131      96      
2000    50    0.014     3977       1712      96      
2100    50    0.009599     2971       668      96      
2200    50    0.0476     7831       5543      96      
2300    50    0.028301     7648       5186      96      
2400    50    0.0091     3359       853      96      
2500    50    0.0307     3991       1548      96      
2600    50    0.0413     4855       2290      96      
2700    50    0.025701     8425       5650      96      
2800    50    0.0432     6891       4094      96      
2900    50    0.0426     8326       5298      96      
3000    50    0.0361     9124       6160      96      
3100    50    0.0094     6604       3374      96      
3200    50    0.0278     10119       6852      96      
3300    50    0.0458     9246       5837      96      
3400    50    0.0176     8799       2073      96      
3500    50    0.0156     6643       3079      96      
3600    50    0.041     6565       2798      96      
3700    50    0.0479     9214       5468      96      
3800    50    0.0231     6825       2946      96      
3900    50    0.0269     8339       4021      96      
4000    50    0.0296     6862       2548      96      
4100    50    0.047999     8487       4389      96      
4200    50    0.017799     4909       623      96      
4300    50    0.0435     6838       2154      96      
4400    50    0.036499     6590       2143      96      
4500    50    0.008     5007       331      96      
4600    50    0.036199     8422       3753      96      
4700    50    0.036399     6753       1732      96      
4800    50    0.079099     10375       5579      96      
4900    50    0.043001     9648       4650      96      
5000    50    0.0238     7900       2827      96      
5100    50    0.013501     5930       705      96      
5200    50    0.05     10158       4750      96      
5300    50    0.0296     9641       4247      96      
5400    50    0.0339     13097       7651      96      
5500    50    0.0166     7160       1561      96      
5600    50    0.0306     6416       750      96      
5700    50    0.0345     18562       7265      96      
5800    50    0.064799     18827       12898      96      
5900    50    0.0224     7438       1490      96      
6000    50    0.0433     9369       2074      96      
6100    50    0.1448     22104       14392      96      
6200    50    0.0371     8766       2144      96      
6300    50    0.0408     21363       15059      96      
6400    50    0.0479     19661       13253      96      
6500    50    0.119801     20002       13492      96      
6600    50    0.0598     12636       5740      96      
6700    50    0.0687     13696       6722      96      
6800    50    0.0442     11947       4814      96      
6900    50    0.051601     19021       10914      96      
7000    50    0.0573     16383       8706      96      
7100    50    0.0119     8751       1297      96      
7200    50    0.0763     32355       25106      96      
7300    50    0.0941     25643       18371      96      
7400    50    0.0643     11595       4187      96      
7500    50    0.041899     13099       5553      96      
7600    50    0.0236     10229       2653      96      
7700    50    0.0571     17469       9510      96      
7800    50    0.0799     18358       10431      96      
7900    50    0.0637     20208       12181      96      
8000    50    0.017601     10167       1543      96      
8100    50    0.027299     10333       1988      96      
8200    50    0.0628     17662       9413      96      
8300    50    0.103601     17148       8647      96      
8400    50    0.1096     12226       3661      96      
8500    50    0.066099     15832       7165      96      
8600    50    0.142299     32120       18813      96      
8700    50    0.059301     21415       12575      96      
8800    50    0.074999     18560       9545      96      
8900    50    0.0699     11172       2248      96      
9000    50    0.014299     9716       471      96      
9100    50    0.0913     16625       7372      96      
9200    50    0.0561     16823       7347      96      
9300    50    0.0761     30857       21193      96      
9400    50    0.040901     13974       4495      96      
9500    50    0.09     34308       24768      96      
9600    50    0.0749     17148       7563      96      
9700    50    0.0298     12151       2306      96      
9800    50    0.1087     26841       16281      96      
9900    50    0.099099     27445       16928      96      
10000    50    0.079801     24290       14180      96      
