100    50    9.01E-4     99       50      76      
200    50    0.004201     565       274      76      
300    50    0.0058     740       436      76      
400    50    0.003101     550       148      76      
500    50    0.0069     992       501      76      
600    50    0.0047     1398       716      76      
700    50    0.006199     1588       826      76      
800    50    0.0085     2586       933      76      
900    50    0.013599     2638       1718      76      
1000    50    0.011399     2154       930      76      
1100    50    0.0053     1310       221      76      
1200    50    0.0132     4087       2932      76      
1300    50    0.0151     4159       1751      76      
1400    50    0.0089     2012       529      76      
1500    50    0.0042     1986       348      76      
1600    50    0.0117     4458       2691      76      
1700    50    0.0176     4827       2913      76      
1800    50    0.0085     2724       838      76      
1900    50    0.008     2670       598      76      
2000    50    0.0186     4086       1953      76      
2100    50    0.0408     5790       3468      76      
2200    50    0.0388     5769       3261      76      
2300    50    0.034801     4490       2156      76      
2400    50    0.0836     5989       2667      76      
2500    50    0.034799     7005       4488      76      
2600    50    0.0305     7817       4030      76      
2700    50    0.0365     4510       1862      76      
2800    50    0.0404     7818       4797      76      
2900    50    0.028899     4499       1063      76      
3000    50    0.0262     7504       4393      76      
3100    50    0.0384     9077       5589      76      
3200    50    0.0107     4416       1154      76      
3300    50    0.1158     10443       7015      76      
3400    50    0.035801     14867       11459      76      
3500    50    0.017801     5235       1728      76      
3600    50    0.0407     13221       9244      76      
3700    50    0.0104     4609       837      76      
3800    50    0.035301     9707       5894      76      
3900    50    0.0426     9222       5321      76      
4000    50    0.0252     5243       1098      76      
4100    50    0.0324     5845       1768      76      
4200    50    0.005799     4389       188      76      
4300    50    0.0092     4693       316      76      
4400    50    0.0745     12578       5697      76      
4500    50    0.0694     11115       6614      76      
4600    50    0.0319     7008       2406      76      
4700    50    0.027     8033       3101      76      
4800    50    0.1613     8309       3572      76      
4900    50    0.035201     11027       6009      76      
5000    50    0.069199     17762       12748      76      
5100    50    0.0555     12727       7615      76      
5200    50    0.0501     9583       4379      76      
5300    50    0.027401     9578       4114      76      
5400    50    0.1504     11165       5769      76      
5500    50    0.0934     20056       14478      76      
5600    50    0.0826     11639       4249      76      
5700    50    0.0582     19076       13287      76      
5800    50    0.027201     13548       7677      76      
5900    50    0.0511     10327       4363      76      
6000    50    0.0751     12421       6421      76      
6100    50    0.0624     13412       7304      76      
6200    50    0.040101     10158       3875      76      
6300    50    0.020401     8230       1953      76      
6400    50    0.0293     11259       4457      76      
6500    50    0.0525     17354       9744      76      
6600    50    0.1388     19009       12141      76      
6700    50    0.0167     7304       603      76      
6800    50    0.0836     16263       9337      76      
6900    50    0.0426     12659       5428      76      
7000    50    0.1161     30515       21231      76      
7100    50    0.012099     8158       1014      76      
7200    50    0.057701     15135       7709      76      
7300    50    0.0385     15693       8153      76      
7400    50    0.0204     8534       1050      76      
7500    50    0.073     11161       3593      76      
7600    50    0.0339     14941       7273      76      
7700    50    0.0273     12175       4476      76      
7800    50    0.081501     25083       16967      76      
7900    50    0.0554     21938       13688      76      
8000    50    0.0609     21713       13614      76      
8100    50    0.0795     22181       14021      76      
8200    50    0.038801     13297       4948      76      
8300    50    0.1096     20576       12018      76      
8400    50    0.0352     18558       9891      76      
8500    50    0.0871     15926       6994      76      
8600    50    0.0259     11558       2892      76      
8700    50    0.0461     19875       11096      76      
8800    50    0.012701     9836       869      76      
8900    50    0.0567     16801       7887      76      
9000    50    0.0102     9508       414      76      
9100    50    0.0331     11427       2235      76      
9200    50    0.0327     14718       3890      76      
9300    50    0.0762     28873       19472      76      
9400    50    0.155801     23285       13798      76      
9500    50    0.106099     19528       9837      76      
9600    50    0.0842     19781       10171      76      
9700    50    0.0332     13473       3382      76      
9800    50    0.0286     12703       2805      76      
9900    50    0.059101     15864       5927      76      
10000    50    0.009     10205       258      76      
