100    50    0.003099     420       114      65      
200    50    0.0038     670       478      65      
300    50    0.004001     789       510      65      
400    50    0.005199     1206       781      65      
500    50    0.0044     915       434      65      
600    50    0.0043     785       217      65      
700    50    0.008801     1871       692      65      
800    50    0.0111     1727       948      65      
900    50    0.011901     3055       2175      65      
1000    50    0.012599     2670       1367      65      
1100    50    0.014701     2846       1685      65      
1200    50    0.0138     3587       2325      65      
1300    50    0.018699     3712       2355      65      
1400    50    0.0181     4347       2672      65      
1500    50    0.0275     3811       2325      65      
1600    50    0.017601     3980       2216      65      
1700    50    0.0316     5101       3251      65      
1800    50    0.003399     1903       126      65      
1900    50    0.0153     3826       1898      65      
2000    50    0.0635     5872       3870      65      
2100    50    0.0129     3756       1368      65      
2200    50    0.0222     4553       2279      65      
2300    50    0.0315     9597       7135      65      
2400    50    0.009601     2959       542      65      
2500    50    0.028     3433       772      65      
2600    50    0.011799     5158       2589      65      
2700    50    0.0154     3705       939      65      
2800    50    0.0254     5196       2439      65      
2900    50    0.013401     3984       1083      65      
3000    50    0.0893     12026       8910      65      
3100    50    0.0355     11293       6053      65      
3200    50    0.029101     7570       4356      65      
3300    50    0.027     8557       5185      65      
3400    50    0.028901     6804       3306      65      
3500    50    0.0377     12302       8873      65      
3600    50    0.0305     8178       4577      65      
3700    50    0.0195     7389       3633      65      
3800    50    0.0071     4430       521      65      
3900    50    0.0259     10155       6157      65      
4000    50    0.029199     5253       1250      65      
4100    50    0.018201     5734       1667      65      
4200    50    0.0482     10767       6347      65      
4300    50    0.029     10523       1879      65      
4400    50    0.0831     13694       9221      65      
4500    50    0.0259     14295       9578      65      
4600    50    0.0617     16251       11239      65      
4700    50    0.0209     6722       1798      65      
4800    50    0.0088     5314       477      65      
4900    50    0.038801     6913       1972      65      
5000    50    0.0449     13154       8114      65      
5100    50    0.059099     16609       8985      65      
5200    50    0.039401     12124       6733      65      
5300    50    0.0701     22612       17350      65      
5400    50    0.018199     7023       1500      65      
5500    50    0.055499     13265       7680      65      
5600    50    0.063     11645       5939      65      
5700    50    0.042     10286       4589      65      
5800    50    0.0545     18193       12339      65      
5900    50    0.0249     8119       2002      65      
6000    50    0.0952     25710       19703      65      
6100    50    0.043     19967       13856      65      
6200    50    0.0999     11744       5436      65      
6300    50    0.036399     15009       8618      65      
6400    50    0.0149     7092       570      65      
6500    50    0.064999     14609       8033      65      
6600    50    0.0307     18268       11621      65      
6700    50    0.0916     11541       4656      65      
6800    50    0.0359     15888       8705      65      
6900    50    0.0617     14246       7338      65      
7000    50    0.046601     12507       5366      65      
7100    50    0.020799     9297       1645      65      
7200    50    0.038     12799       5498      65      
7300    50    0.0786     17254       9969      65      
7400    50    0.0464     14570       7149      65      
7500    50    0.0302     10678       3180      65      
7600    50    0.0554     17013       8158      65      
7700    50    0.056399     16941       9119      65      
7800    50    0.0516     18049       10298      65      
7900    50    0.1013     19680       9491      65      
8000    50    0.0734     22724       14429      65      
8100    50    0.070501     21194       12706      65      
8200    50    0.041299     13690       4984      65      
8300    50    0.0935     18113       8799      65      
8400    50    0.0539     15673       7164      65      
8500    50    0.066201     15559       6841      65      
8600    50    0.1814     22183       11220      65      
8700    50    0.0486     14040       5230      65      
8800    50    0.040399     12610       3871      65      
8900    50    0.051601     20211       11184      65      
9000    50    0.042799     13492       4010      65      
9100    50    0.0633     18223       9019      65      
9200    50    0.088299     19962       9463      65      
9300    50    0.0465     19030       9720      65      
9400    50    0.058399     22445       12921      65      
9500    50    0.0185     10988       1388      65      
9600    50    0.0223     11622       2045      65      
9700    50    0.0801     23449       13678      65      
9800    50    0.0775     19104       8586      65      
9900    50    0.0447     19321       8891      65      
10000    50    0.0657     21079       11011      65      
