100    50    0.0054     343       158      48      
200    50    0.002699     426       265      48      
300    50    0.005     865       471      48      
400    50    0.0058     1036       407      48      
500    50    0.004899     1255       367      48      
600    50    0.0078     1401       717      48      
700    50    0.0133     2097       1281      48      
800    50    0.0149     2269       1173      48      
900    50    0.0077     1717       731      48      
1000    50    0.0064     1408       380      48      
1100    50    0.009301     2149       1079      48      
1200    50    0.0042     1487       149      48      
1300    50    0.004001     1384       117      48      
1400    50    0.0095     1989       611      48      
1500    50    0.014301     3154       1646      48      
1600    50    0.0172     5027       3338      48      
1700    50    0.013199     4504       1085      48      
1800    50    0.0287     8633       5626      48      
1900    50    0.017301     5375       3516      48      
2000    50    0.0169     3671       1710      48      
2100    50    0.018499     5856       3603      48      
2200    50    0.010599     3352       763      48      
2300    50    0.0234     3102       655      48      
2400    50    0.0253     8047       5541      48      
2500    50    0.0316     6005       3364      48      
2600    50    0.0423     5555       2939      48      
2700    50    0.0196     4457       1659      48      
2800    50    0.018601     7773       4934      48      
2900    50    0.0104     3751       911      48      
3000    50    0.010501     3295       274      48      
3100    50    0.018001     4859       1535      48      
3200    50    0.0338     8893       5636      48      
3300    50    0.0124     4589       1206      48      
3400    50    0.0161     5776       2397      48      
3500    50    0.0155     4844       1366      48      
3600    50    0.0382     6879       3218      48      
3700    50    0.0345     6499       2665      48      
3800    50    0.021801     5797       1986      48      
3900    50    0.0228     6347       2316      48      
4000    50    0.0474     10878       6862      48      
4100    50    0.0246     6416       2345      48      
4200    50    0.040199     8494       4086      48      
4300    50    0.0454     8230       3857      48      
4400    50    0.0186     5292       715      48      
4500    50    0.0086     4964       501      48      
4600    50    0.064801     12611       7964      48      
4700    50    0.0257     9972       5331      48      
4800    50    0.0341     8836       4030      48      
4900    50    0.0314     8392       3513      48      
5000    50    0.079599     8696       3725      48      
5100    50    0.031     8944       3664      48      
5200    50    0.026899     8011       2808      48      
5300    50    0.032399     7781       2206      48      
5400    50    0.040299     10956       4966      48      
5500    50    0.0165     7181       1491      48      
5600    50    0.0296     7659       1819      48      
5700    50    0.0576     16736       10827      48      
5800    50    0.0765     17879       11277      48      
5900    50    0.0525     13043       4441      48      
6000    50    0.0574     8573       2548      48      
6100    50    0.0754     13994       7557      48      
6200    50    0.051     12840       6597      48      
6300    50    0.043901     15801       9277      48      
6400    50    0.0829     14294       7795      48      
6500    50    0.0246     7297       725      48      
6600    50    0.091501     17293       10353      48      
6700    50    0.123599     20201       13158      48      
6800    50    0.1197     25947       19063      48      
6900    50    0.0839     22786       15904      48      
7000    50    0.056001     9691       2352      48      
7100    50    0.0129     7829       739      48      
7200    50    0.1212     18855       9192      48      
7300    50    0.043499     14802       7450      48      
7400    50    0.0835     20473       12515      48      
7500    50    0.0763     25616       18104      48      
7600    50    0.0145     9106       1049      48      
7700    50    0.0265     10623       2816      48      
7800    50    0.0576     20837       13004      48      
7900    50    0.0287     11483       3463      48      
8000    50    0.064799     21732       13629      48      
8100    50    0.049     16373       8190      48      
8200    50    0.036301     10212       1892      48      
8300    50    0.071799     15383       4539      48      
8400    50    0.039201     11263       2719      48      
8500    50    0.0223     9861       1337      48      
8600    50    0.056699     13988       5185      48      
8700    50    0.0818     21695       13021      48      
8800    50    0.079299     27651       18732      48      
8900    50    0.087599     29142       20216      48      
9000    50    0.064     18938       9805      48      
9100    50    0.0816     23025       13870      48      
9200    50    0.064999     25248       12467      48      
9300    50    0.049101     19108       9332      48      
9400    50    0.125401     28277       18594      48      
9500    50    0.084     21353       11780      48      
9600    50    0.012301     10180       538      48      
9700    50    0.046     13231       3534      48      
9800    50    0.013401     10673       649      48      
9900    50    0.012001     10747       615      48      
10000    50    0.0558     14130       4139      48      
