100    50    0.002     278       124      66      
200    50    0.0032     444       223      66      
300    50    0.003     428       133      66      
400    50    0.0031     536       151      66      
500    50    0.0033     1420       568      66      
600    50    0.011799     2114       1402      66      
700    50    0.003501     779       117      66      
800    50    0.0085     1478       473      66      
900    50    0.005301     1564       604      66      
1000    50    0.011501     2323       1256      66      
1100    50    0.0122     3232       2107      66      
1200    50    0.006     2519       1376      66      
1300    50    0.0096     2083       832      66      
1400    50    0.0276     4102       2610      66      
1500    50    0.029099     1998       527      66      
1600    50    0.0144     3513       1903      66      
1700    50    0.0109     4226       2117      66      
1800    50    0.031     4215       2364      66      
1900    50    0.024101     5436       3463      66      
2000    50    0.0314     3653       1507      66      
2100    50    0.0152     4662       2434      66      
2200    50    0.0058     2375       143      66      
2300    50    0.0232     5126       2836      66      
2400    50    0.0421     6366       3791      66      
2500    50    0.046     7795       4481      66      
2600    50    0.040501     5239       2680      66      
2700    50    0.0296     3728       1021      66      
2800    50    0.036599     4485       1472      66      
2900    50    0.029399     6692       3776      66      
3000    50    0.031     6535       3230      66      
3100    50    0.0348     9631       6526      66      
3200    50    0.0287     6802       3531      66      
3300    50    0.0352     5837       2367      66      
3400    50    0.0481     8732       5112      66      
3500    50    0.043999     5680       2196      66      
3600    50    0.0254     8571       3772      66      
3700    50    0.021401     6336       2623      66      
3800    50    0.0509     11537       7700      66      
3900    50    0.041801     14369       10490      66      
4000    50    0.0534     9513       5428      66      
4100    50    0.0472     9129       5021      66      
4200    50    0.0535     8913       4764      66      
4300    50    0.0458     14223       9828      66      
4400    50    0.0507     8195       3002      66      
4500    50    0.065401     14526       9965      66      
4600    50    0.0762     22660       13424      66      
4700    50    0.0456     10934       6219      66      
4800    50    0.009801     5512       563      66      
4900    50    0.006301     5163       183      66      
5000    50    0.035999     8674       3585      66      
5100    50    0.021699     7895       2690      66      
5200    50    0.082201     13201       7865      66      
5300    50    0.008599     5879       588      66      
5400    50    0.0683     9459       4048      66      
5500    50    0.036799     9548       3918      66      
5600    50    0.024001     7248       1460      66      
5700    50    0.018101     7556       1861      66      
5800    50    0.0949     13441       7585      66      
5900    50    0.085499     14836       8929      66      
6000    50    0.0852     17683       11640      66      
6100    50    0.0425     11845       5534      66      
6200    50    0.050901     13943       7580      66      
6300    50    0.041501     9456       3085      66      
6400    50    0.019199     7405       1064      66      
6500    50    0.0402     9481       2793      66      
6600    50    0.0676     18704       12116      66      
6700    50    0.090499     21493       14689      66      
6800    50    0.055901     20164       13378      66      
6900    50    0.0893     24046       10319      66      
7000    50    0.070001     16894       9832      66      
7100    50    0.086801     25307       18093      66      
7200    50    0.0684     17877       10669      66      
7300    50    0.041801     10958       3674      66      
7400    50    0.1037     27555       20141      66      
7500    50    0.0597     16401       8821      66      
7600    50    0.0483     20210       11668      66      
7700    50    0.0762     22966       15134      66      
7800    50    0.1661     14794       6783      66      
7900    50    0.057501     16896       9057      66      
8000    50    0.0578     21602       13564      66      
8100    50    0.067501     21622       13481      66      
8200    50    0.0482     14145       5685      66      
8300    50    0.0658     13946       5523      66      
8400    50    0.034201     12326       3920      66      
8500    50    0.076     21566       10726      66      
8600    50    0.073901     27561       17954      66      
8700    50    0.026999     11259       2561      66      
8800    50    0.0433     13036       4234      66      
8900    50    0.0516     18093       9123      66      
9000    50    0.0504     13835       4787      66      
9100    50    0.016899     10389       810      66      
9200    50    0.0426     15101       5919      66      
9300    50    0.042701     14291       4979      66      
9400    50    0.033199     18441       8882      66      
9500    50    0.127701     26005       16236      66      
9600    50    0.048     16620       6832      66      
9700    50    0.0532     17039       6719      66      
9800    50    0.035099     13282       3256      66      
9900    50    0.1886     31628       21390      66      
10000    50    0.042     14225       3664      66      
