100    50    0.003     231       91      82      
200    50    0.001901     273       126      82      
300    50    0.0045     973       549      82      
400    50    0.0062     1461       594      82      
500    50    0.0077     1763       1100      82      
600    50    0.005     1521       315      82      
700    50    0.0072     1722       309      82      
800    50    0.0071     1474       682      82      
900    50    0.0065     1417       376      82      
1000    50    0.0117     2975       1696      82      
1100    50    0.0068     1856       616      82      
1200    50    0.014001     4977       2054      82      
1300    50    0.0067     1815       533      82      
1400    50    0.0154     4415       2630      82      
1500    50    0.0199     5039       3418      82      
1600    50    0.0273     3450       1837      82      
1700    50    0.0083     3213       1500      82      
1800    50    0.0304     4757       2551      82      
1900    50    0.021899     6253       4232      82      
2000    50    0.013701     3189       1159      82      
2100    50    0.0231     5018       2892      82      
2200    50    0.0063     2618       311      82      
2300    50    0.0319     3652       1228      82      
2400    50    0.055799     4395       1991      82      
2500    50    0.0072     2965       282      82      
2600    50    0.034499     5441       2853      82      
2700    50    0.016199     4647       1912      82      
2800    50    0.049399     10595       6674      82      
2900    50    0.0266     3834       757      82      
3000    50    0.071201     12972       9923      82      
3100    50    0.017001     4934       1864      82      
3200    50    0.0428     8057       4844      82      
3300    50    0.032701     12508       9017      82      
3400    50    0.0168     5877       1690      82      
3500    50    0.043901     11641       7883      82      
3600    50    0.0137     7351       3783      82      
3700    50    0.0322     9019       5301      82      
3800    50    0.012199     5128       1293      82      
3900    50    0.0515     9001       4922      82      
4000    50    0.032601     5509       1427      82      
4100    50    0.025801     7622       3381      82      
4200    50    0.026601     6492       2185      82      
4300    50    0.059     13418       8879      82      
4400    50    0.017201     5894       1555      82      
4500    50    0.1121     12659       8096      82      
4600    50    0.018101     6691       1158      82      
4700    50    0.070499     12497       7864      82      
4800    50    0.0384     12183       7223      82      
4900    50    0.0736     19992       14630      82      
5000    50    0.0704     20213       15145      82      
5100    50    0.0591     11182       4873      82      
5200    50    0.0235     6684       1528      82      
5300    50    0.0659     14119       8705      82      
5400    50    0.074201     13260       7923      82      
5500    50    0.043499     13361       7397      82      
5600    50    0.075601     18388       12415      82      
5700    50    0.0184     7747       1854      82      
5800    50    0.0512     14983       9103      82      
5900    50    0.042199     12188       6241      82      
6000    50    0.029299     10084       4034      82      
6100    50    0.085301     24284       17536      82      
6200    50    0.0903     12438       6190      82      
6300    50    0.042001     15129       8846      82      
6400    50    0.013099     7128       476      82      
6500    50    0.059501     17165       10588      82      
6600    50    0.094501     17946       11173      82      
6700    50    0.1129     18361       11709      82      
6800    50    0.047099     10514       3686      82      
6900    50    0.0636     13587       6645      82      
7000    50    0.0568     18742       7796      82      
7100    50    0.0348     12114       5003      82      
7200    50    0.0428     14046       6621      82      
7300    50    0.062599     16221       8852      82      
7400    50    0.1074     21839       14500      82      
7500    50    0.0179     9468       1816      82      
7600    50    0.086601     13782       6067      82      
7700    50    0.0143     9098       1419      82      
7800    50    0.0369     11616       3875      82      
7900    50    0.0683     23678       15287      82      
8000    50    0.046401     20016       12009      82      
8100    50    0.0775     15800       7543      82      
8200    50    0.1457     22102       13228      82      
8300    50    0.0441     10872       2365      82      
8400    50    0.012999     9608       863      82      
8500    50    0.057299     14824       6321      82      
8600    50    0.0451     14383       4856      82      
8700    50    0.063     17178       7871      82      
8800    50    0.065099     18139       9227      82      
8900    50    0.120099     33042       24032      82      
9000    50    0.0914     19495       10445      82      
9100    50    0.0604     14877       5587      82      
9200    50    0.1064     12327       2862      82      
9300    50    0.056601     15827       5921      82      
9400    50    0.071599     16303       6172      82      
9500    50    0.1213     17429       7654      82      
9600    50    0.0121     10050       306      82      
9700    50    0.0824     28204       15378      82      
9800    50    0.087599     18669       8877      82      
9900    50    0.0157     11120       1051      82      
10000    50    0.0689     21291       11356      82      
