100    50    0.004     317       95      28      
200    50    0.004199     696       451      28      
300    50    0.005099     805       517      28      
400    50    0.005399     951       388      28      
500    50    0.005299     943       398      28      
600    50    0.0215     1587       991      28      
700    50    0.011699     2513       1604      28      
800    50    0.009     2422       1630      28      
900    50    0.010299     2022       1035      28      
1000    50    0.0121     2573       1632      28      
1100    50    0.013399     3403       2124      28      
1200    50    0.0107     4015       2733      28      
1300    50    0.013     3127       1830      28      
1400    50    0.0188     1773       328      28      
1500    50    0.007499     2108       613      28      
1600    50    0.032     6076       2831      28      
1700    50    0.028499     7370       5657      28      
1800    50    0.0171     4438       2584      28      
1900    50    0.015     4514       2546      28      
2000    50    0.0141     3312       1239      28      
2100    50    0.0158     3598       1339      28      
2200    50    0.0159     4141       1598      28      
2300    50    0.0219     4106       1829      28      
2400    50    0.0333     9569       6616      28      
2500    50    0.0206     4169       1595      28      
2600    50    0.0244     4837       2195      28      
2700    50    0.0176     4198       1458      28      
2800    50    0.044101     9989       5417      28      
2900    50    0.0244     8071       4993      28      
3000    50    0.0338     6038       3094      28      
3100    50    0.057499     10920       7537      28      
3200    50    0.0068     3993       500      28      
3300    50    0.010799     4182       666      28      
3400    50    0.044401     8366       4937      28      
3500    50    0.008299     3744       240      28      
3600    50    0.0259     6191       2484      28      
3700    50    0.0619     8848       5166      28      
3800    50    0.019699     5689       1882      28      
3900    50    0.021499     8891       4858      28      
4000    50    0.0392     8444       3637      28      
4100    50    0.0194     6297       1895      28      
4200    50    0.0114     5747       1526      28      
4300    50    0.0155     5839       953      28      
4400    50    0.0806     20613       13910      28      
4500    50    0.015601     6376       1727      28      
4600    50    0.0447     11607       7024      28      
4700    50    0.0692     14362       9468      28      
4800    50    0.012899     6485       1607      28      
4900    50    0.071101     15424       7465      28      
5000    50    0.0234     9172       4108      28      
5100    50    0.0442     10198       4811      28      
5200    50    0.0312     10667       5436      28      
5300    50    0.0557     17795       7272      28      
5400    50    0.0453     11320       5880      28      
5500    50    0.028399     8358       2600      28      
5600    50    0.079299     16943       11280      28      
5700    50    0.0619     14149       8445      28      
5800    50    0.0804     18315       12425      28      
5900    50    0.049999     14059       8102      28      
6000    50    0.103699     19188       12386      28      
6100    50    0.102701     15650       9569      28      
6200    50    0.071399     27666       18922      28      
6300    50    0.0451     12396       6006      28      
6400    50    0.059     22052       9302      28      
6500    50    0.027801     9845       3056      28      
6600    50    0.0416     11338       4749      28      
6700    50    0.0633     12919       6135      28      
6800    50    0.0533     11549       4733      28      
6900    50    0.067001     18864       11986      28      
7000    50    0.065901     16514       9491      28      
7100    50    0.0309     9696       2628      28      
7200    50    0.0439     10850       3504      28      
7300    50    0.068601     15708       7765      28      
7400    50    0.0927     18865       11415      28      
7500    50    0.043401     15029       7558      28      
7600    50    0.0401     16166       8528      28      
7700    50    0.0471     13873       6011      28      
7800    50    0.0516     18554       10580      28      
7900    50    0.063     23867       15879      28      
8000    50    0.0405     14913       6742      28      
8100    50    0.0771     18043       9676      28      
8200    50    0.079199     21799       13260      28      
8300    50    0.0492     14485       6173      28      
8400    50    0.095499     17055       8599      28      
8500    50    0.074899     16948       8414      28      
8600    50    0.0389     12720       4100      28      
8700    50    0.0258     12965       3245      28      
8800    50    0.040701     13335       4473      28      
8900    50    0.086601     16661       7703      28      
9000    50    0.0525     15106       6035      28      
9100    50    0.071099     22396       13116      28      
9200    50    0.1022     16807       7585      28      
9300    50    0.012599     10051       786      28      
9400    50    0.0822     22293       12865      28      
9500    50    0.064     16781       7293      28      
9600    50    0.0699     21730       12153      28      
9700    50    0.108799     27364       17112      28      
9800    50    0.010899     10105       299      28      
9900    50    0.037199     11637       1634      28      
10000    50    0.067701     23626       13386      28      
