100    50    0.0023     277       135      84      
200    50    0.004699     976       360      84      
300    50    0.003899     429       145      84      
400    50    0.004099     661       285      84      
500    50    0.0079     1121       556      84      
600    50    0.009101     2061       1438      84      
700    50    0.003401     847       109      84      
800    50    0.0049     1183       405      84      
900    50    0.012501     2883       900      84      
1000    50    0.0082     2531       1590      84      
1100    50    0.0102     2580       1275      84      
1200    50    0.022101     1856       562      84      
1300    50    0.004     1574       174      84      
1400    50    0.0166     3875       2109      84      
1500    50    0.0073     2101       568      84      
1600    50    0.0251     2890       1115      84      
1700    50    0.0161     4931       2618      84      
1800    50    0.0077     2271       472      84      
1900    50    0.0339     6460       4455      84      
2000    50    0.0173     3405       1345      84      
2100    50    0.041499     4669       2438      84      
2200    50    0.0236     5062       2635      84      
2300    50    0.0069     2767       394      84      
2400    50    0.0451     5328       2779      84      
2500    50    0.0086     3403       419      84      
2600    50    0.0347     4618       2031      84      
2700    50    0.0386     6573       3832      84      
2800    50    0.0477     10889       7942      84      
2900    50    0.0062     3192       253      84      
3000    50    0.0362     4942       1992      84      
3100    50    0.0894     7757       3933      84      
3200    50    0.0244     6033       2637      84      
3300    50    0.0299     7736       4477      84      
3400    50    0.048899     7771       4081      84      
3500    50    0.0238     5917       2437      84      
3600    50    0.0305     8630       5009      84      
3700    50    0.018099     4650       882      84      
3800    50    0.0169     6366       1787      84      
3900    50    0.0112     4540       682      84      
4000    50    0.031799     6699       2018      84      
4100    50    0.0148     7842       3771      84      
4200    50    0.0523     10793       5968      84      
4300    50    0.019     4515       143      84      
4400    50    0.0484     9926       5210      84      
4500    50    0.0216     7413       2922      84      
4600    50    0.0573     15495       10870      84      
4700    50    0.023499     7760       2709      84      
4800    50    0.0238     7591       2785      84      
4900    50    0.0565     10495       5575      84      
5000    50    0.048701     16295       11040      84      
5100    50    0.0116     6232       979      84      
5200    50    0.0226     6324       1026      84      
5300    50    0.0083     5826       461      84      
5400    50    0.049501     18505       13074      84      
5500    50    0.0573     11614       6177      84      
5600    50    0.0396     9289       3135      84      
5700    50    0.0475     14982       9236      84      
5800    50    0.0446     8927       2970      84      
5900    50    0.031799     8542       2624      84      
6000    50    0.026001     8850       2788      84      
6100    50    0.064801     14129       8032      84      
6200    50    0.0227     9212       2871      84      
6300    50    0.058799     17679       11029      84      
6400    50    0.0438     18493       12031      84      
6500    50    0.0713     22691       16166      84      
6600    50    0.013799     7027       353      84      
6700    50    0.0854     21556       14815      84      
6800    50    0.033699     10204       3317      84      
6900    50    0.0432     12676       5034      84      
7000    50    0.0566     10512       3391      84      
7100    50    0.089899     17983       9737      84      
7200    50    0.0566     15132       7856      84      
7300    50    0.0406     12076       4703      84      
7400    50    0.075299     18237       10774      84      
7500    50    0.035399     11352       3794      84      
7600    50    0.0617     17847       10040      84      
7700    50    0.054401     18145       10355      84      
7800    50    0.1194     15023       7098      84      
7900    50    0.028501     12135       4152      84      
8000    50    0.0424     20459       12482      84      
8100    50    0.064699     17982       9543      84      
8200    50    0.072599     17839       9670      84      
8300    50    0.087301     17607       9263      84      
8400    50    0.0123     9185       690      84      
8500    50    0.0405     11893       3291      84      
8600    50    0.1373     17921       9266      84      
8700    50    0.0746     23582       14488      84      
8800    50    0.0102     9370       457      84      
8900    50    0.066401     19802       10898      84      
9000    50    0.0131     9932       802      84      
9100    50    0.0537     16082       6678      84      
9200    50    0.0877     25885       16462      84      
9300    50    0.08     28412       18697      84      
9400    50    0.0534     19468       9761      84      
9500    50    0.0188     10333       759      84      
9600    50    0.0651     17326       7629      84      
9700    50    0.072799     19037       8868      84      
9800    50    0.0328     13382       3259      84      
9900    50    0.0491     18603       7685      84      
10000    50    0.104901     23312       12947      84      
