100    50    0.009101     417       352      23      
200    50    0.003099     582       341      23      
300    50    0.0028     493       142      23      
400    50    0.0049     766       298      23      
500    50    0.0085     1809       1316      23      
600    50    0.006001     1157       507      23      
700    50    0.0101     1674       828      23      
800    50    0.008201     1684       796      23      
900    50    0.0147     2426       1477      23      
1000    50    0.0122     4205       2853      23      
1100    50    0.0143     2418       1381      23      
1200    50    0.0103     2766       1339      23      
1300    50    0.014599     3437       2140      23      
1400    50    0.0134     3021       1652      23      
1500    50    0.0064     3080       1630      23      
1600    50    0.0042     1775       137      23      
1700    50    0.0041     1937       161      23      
1800    50    0.004499     2154       259      23      
1900    50    0.0107     2960       695      23      
2000    50    0.0166     4362       2331      23      
2100    50    0.031399     3426       1305      23      
2200    50    0.0293     9133       6894      23      
2300    50    0.017101     4454       2167      23      
2400    50    0.0173     4523       1572      23      
2500    50    0.0173     4361       1472      23      
2600    50    0.039801     5017       2267      23      
2700    50    0.0162     4174       1418      23      
2800    50    0.0521     10269       7477      23      
2900    50    0.0271     7870       4719      23      
3000    50    0.021499     6775       3623      23      
3100    50    0.052601     8880       5243      23      
3200    50    0.0108     4484       1249      23      
3300    50    0.014401     4542       1006      23      
3400    50    0.0378     10463       5883      23      
3500    50    0.014001     4895       1307      23      
3600    50    0.0209     6608       2956      23      
3700    50    0.008601     4347       637      23      
3800    50    0.0157     8461       4670      23      
3900    50    0.068     15844       11861      23      
4000    50    0.029     7561       3431      23      
4100    50    0.0129     5427       1082      23      
4200    50    0.0237     6621       2235      23      
4300    50    0.034901     7389       3016      23      
4400    50    0.0603     9333       4904      23      
4500    50    0.067499     9617       5145      23      
4600    50    0.036901     9542       2560      23      
4700    50    0.031     6219       1431      23      
4800    50    0.0398     7118       2276      23      
4900    50    0.024901     5637       699      23      
5000    50    0.0202     6111       1108      23      
5100    50    0.102299     15252       4908      23      
5200    50    0.0312     8229       3060      23      
5300    50    0.0345     6906       1126      23      
5400    50    0.0572     11811       6280      23      
5500    50    0.0567     14513       8881      23      
5600    50    0.0766     9826       4165      23      
5700    50    0.0276     9386       3654      23      
5800    50    0.044201     12404       6431      23      
5900    50    0.0347     10250       4283      23      
6000    50    0.055099     11667       5689      23      
6100    50    0.0888     31542       25129      23      
6200    50    0.0224     8318       2036      23      
6300    50    0.042201     12933       6670      23      
6400    50    0.0581     18735       12126      23      
6500    50    0.0279     19267       12485      23      
6600    50    0.028399     9162       2322      23      
6700    50    0.0674     13456       6520      23      
6800    50    0.0339     10754       3603      23      
6900    50    0.0312     18097       4315      23      
7000    50    0.023     8936       1952      23      
7100    50    0.0381     10745       3623      23      
7200    50    0.062301     20431       13002      23      
7300    50    0.0514     15180       7850      23      
7400    50    0.131599     14916       7442      23      
7500    50    0.0367     11448       3830      23      
7600    50    0.0466     16589       8657      23      
7700    50    0.078499     10813       3084      23      
7800    50    0.0539     19481       11553      23      
7900    50    0.0157     9538       1449      23      
8000    50    0.062301     31332       17886      23      
8100    50    0.0242     9922       1597      23      
8200    50    0.077601     25413       17204      23      
8300    50    0.103399     19626       10759      23      
8400    50    0.0142     9381       718      23      
8500    50    0.0447     13551       5100      23      
8600    50    0.0624     18551       9808      23      
8700    50    0.064199     15601       6065      23      
8800    50    0.0497     17507       5329      23      
8900    50    0.058299     17774       8298      23      
9000    50    0.0362     12925       3761      23      
9100    50    0.0357     11843       2444      23      
9200    50    0.018399     10216       947      23      
9300    50    0.0311     9616       147      23      
9400    50    0.0735     13191       3539      23      
9500    50    0.0739     24564       15079      23      
9600    50    0.06     21370       11497      23      
9700    50    0.044     12494       2740      23      
9800    50    0.064301     21517       10306      23      
9900    50    0.0634     17711       7775      23      
10000    50    0.0275     12450       2367      23      
