100    50    0.001899     262       158      91      
200    50    0.0045     672       296      91      
300    50    0.004501     731       446      91      
400    50    0.0058     1007       529      91      
500    50    0.0044     892       417      91      
600    50    0.0057     1248       641      91      
700    50    0.012     3020       1939      91      
800    50    0.1219     3003       2163      91      
900    50    0.0125     2661       1594      91      
1000    50    0.011     3049       1577      91      
1100    50    0.013101     3199       2096      91      
1200    50    0.004399     1597       452      91      
1300    50    0.019     5550       3811      91      
1400    50    0.0167     5514       3384      91      
1500    50    0.0146     3314       1718      91      
1600    50    0.033501     3523       1768      91      
1700    50    0.013001     4110       2358      91      
1800    50    0.0145     4246       2150      91      
1900    50    0.021701     7130       5264      91      
2000    50    0.0152     3329       1276      91      
2100    50    0.0127     3395       1166      91      
2200    50    0.0555     9369       7114      91      
2300    50    0.0333     3571       1120      91      
2400    50    0.037201     6183       3330      91      
2500    50    0.0328     4228       1631      91      
2600    50    0.0227     5463       2666      91      
2700    50    0.0694     9368       6381      91      
2800    50    0.014     4085       1135      91      
2900    50    0.0415     8254       5052      91      
3000    50    0.048101     8655       5651      91      
3100    50    0.031799     7305       4166      91      
3200    50    0.0119     4473       1050      91      
3300    50    0.0258     6541       3171      91      
3400    50    0.0284     8006       4562      91      
3500    50    0.0381     5414       1666      91      
3600    50    0.0214     7744       4166      91      
3700    50    0.005     3817       104      91      
3800    50    0.0363     7960       3888      91      
3900    50    0.0443     8716       4818      91      
4000    50    0.019901     4197       209      91      
4100    50    0.032301     7786       3262      91      
4200    50    0.0523     11948       7371      91      
4300    50    0.043201     6256       1946      91      
4400    50    0.0588     13786       9121      91      
4500    50    0.012999     5778       1192      91      
4600    50    0.019301     7789       2365      91      
4700    50    0.0449     11820       7031      91      
4800    50    0.059299     20588       11271      91      
4900    50    0.080901     14281       9164      91      
5000    50    0.034399     9724       4722      91      
5100    50    0.0618     13864       8550      91      
5200    50    0.025499     6951       1694      91      
5300    50    0.0551     12347       6760      91      
5400    50    0.0348     8874       3442      91      
5500    50    0.0539     11578       6027      91      
5600    50    0.0378     12512       6895      91      
5700    50    0.038     13664       7969      91      
5800    50    0.0076     6147       297      91      
5900    50    0.0351     12577       6717      91      
6000    50    0.0321     8397       2043      91      
6100    50    0.017899     7445       997      91      
6200    50    0.0474     13551       7068      91      
6300    50    0.1145     17206       9776      91      
6400    50    0.031099     10502       4073      91      
6500    50    0.0451     10955       4348      91      
6600    50    0.0913     16024       7476      91      
6700    50    0.040201     15666       8942      91      
6800    50    0.007     7001       131      91      
6900    50    0.0515     11735       4715      91      
7000    50    0.101899     16257       9252      91      
7100    50    0.0303     9874       2732      91      
7200    50    0.0544     14460       7038      91      
7300    50    0.0648     13438       6153      91      
7400    50    0.074199     19978       12453      91      
7500    50    0.1563     18983       10858      91      
7600    50    0.1041     23611       15992      91      
7700    50    0.0632     18511       10505      91      
7800    50    0.070399     24159       14860      91      
7900    50    0.0082     8485       511      91      
8000    50    0.057399     20614       12584      91      
8100    50    0.0962     30002       21478      91      
8200    50    0.0318     12935       3491      91      
8300    50    0.0613     15052       6757      91      
8400    50    0.056799     15546       6756      91      
8500    50    0.047     11713       3187      91      
8600    50    0.0504     12450       3714      91      
8700    50    0.0678     18259       9484      91      
8800    50    0.0507     24167       15342      91      
8900    50    0.0121     9843       735      91      
9000    50    0.0988     41830       23876      91      
9100    50    0.037     11596       2541      91      
9200    50    0.0253     10826       1635      91      
9300    50    0.0401     13530       4098      91      
9400    50    0.070401     20266       10795      91      
9500    50    0.057599     17902       8465      91      
9600    50    0.0355     11904       2314      91      
9700    50    0.0692     16523       6779      91      
9800    50    0.0734     22297       10227      91      
9900    50    0.032099     13461       3578      91      
10000    50    0.0553     21631       11659      91      
