100    50    0.0143     285       120      11      
200    50    0.0044     660       268      11      
300    50    0.0045     555       257      11      
400    50    0.003099     559       205      11      
500    50    0.008     1484       957      11      
600    50    0.0063     1092       471      11      
700    50    0.005501     1717       1041      11      
800    50    0.0074     1382       314      11      
900    50    0.0365     3290       2420      11      
1000    50    0.0062     1665       688      11      
1100    50    0.0079     1649       582      11      
1200    50    0.008701     2105       708      11      
1300    50    0.02     1731       465      11      
1400    50    0.0111     2108       555      11      
1500    50    0.009799     2501       899      11      
1600    50    0.0108     4229       1012      11      
1700    50    0.0073     2209       329      11      
1800    50    0.0043     2145       209      11      
1900    50    0.0204     5203       3191      11      
2000    50    0.004499     2158       151      11      
2100    50    0.013799     4842       2765      11      
2200    50    0.0422     6197       3615      11      
2300    50    0.0849     6416       4001      11      
2400    50    0.033     3833       1267      11      
2500    50    0.0041     2641       125      11      
2600    50    0.0308     4981       2362      11      
2700    50    0.0478     10798       8125      11      
2800    50    0.041199     5072       2299      11      
2900    50    0.049699     6570       3535      11      
3000    50    0.0384     10923       7387      11      
3100    50    0.021699     5067       1889      11      
3200    50    0.020801     7052       3735      11      
3300    50    0.018499     5345       1789      11      
3400    50    0.011501     4350       658      11      
3500    50    0.0323     12466       7804      11      
3600    50    0.023501     6382       2804      11      
3700    50    0.029     5445       1679      11      
3800    50    0.0164     5697       1948      11      
3900    50    0.014901     5610       1548      11      
4000    50    0.065899     10440       6105      11      
4100    50    0.028301     7914       3877      11      
4200    50    0.0466     10941       6728      11      
4300    50    0.0151     5434       1000      11      
4400    50    0.0312     8692       4023      11      
4500    50    0.0303     10331       5722      11      
4600    50    0.082201     10103       5521      11      
4700    50    0.047601     9904       4974      11      
4800    50    0.0391     6985       2137      11      
4900    50    0.0246     6541       1575      11      
5000    50    0.0741     14434       9138      11      
5100    50    0.034601     11101       5731      11      
5200    50    0.032601     10765       5320      11      
5300    50    0.035201     15509       9820      11      
5400    50    0.0761     16804       10996      11      
5500    50    0.0526     14935       7274      11      
5600    50    0.0606     8261       2401      11      
5700    50    0.0258     7184       862      11      
5800    50    0.032001     10565       4704      11      
5900    50    0.0732     12007       6085      11      
6000    50    0.0375     13850       7751      11      
6100    50    0.022199     7434       1315      11      
6200    50    0.026099     13059       6755      11      
6300    50    0.062799     15265       8810      11      
6400    50    0.013101     7656       806      11      
6500    50    0.0387     14129       7511      11      
6600    50    0.049801     16499       9815      11      
6700    50    0.092801     20185       13203      11      
6800    50    0.0293     14241       7341      11      
6900    50    0.0496     17804       10912      11      
7000    50    0.011     7349       279      11      
7100    50    0.055101     15747       8661      11      
7200    50    0.055499     14466       6906      11      
7300    50    0.0154     8638       1337      11      
7400    50    0.109799     20492       12990      11      
7500    50    0.0677     20905       13371      11      
7600    50    0.0689     25302       17660      11      
7700    50    0.063601     15900       8132      11      
7800    50    0.0479     18667       7450      11      
7900    50    0.0603     13023       5061      11      
8000    50    0.0082     8397       176      11      
8100    50    0.0456     11461       3336      11      
8200    50    0.067601     23060       14591      11      
8300    50    0.126     24719       15746      11      
8400    50    0.0721     18013       9389      11      
8500    50    0.0246     18083       9071      11      
8600    50    0.0398     11655       3032      11      
8700    50    0.033899     13905       4174      11      
8800    50    0.068     20275       11479      11      
8900    50    0.083     29426       20374      11      
9000    50    0.115499     20857       11835      11      
9100    50    0.046701     18152       8486      11      
9200    50    0.064601     21427       11934      11      
9300    50    0.078799     17229       7875      11      
9400    50    0.0741     31528       22024      11      
9500    50    0.058799     33671       24024      11      
9600    50    0.0686     12972       3390      11      
9700    50    0.0871     18614       8821      11      
9800    50    0.081901     13530       3710      11      
9900    50    0.126501     35731       17441      11      
10000    50    0.048701     25155       15116      11      
