100    50    0.002001     306       246      71      
200    50    0.003801     725       269      71      
300    50    0.005     922       484      71      
400    50    0.0047     807       276      71      
500    50    0.0063     1326       763      71      
600    50    0.005799     1653       1076      71      
700    50    0.003401     1512       140      71      
800    50    0.008199     2048       1224      71      
900    50    0.0073     1710       598      71      
1000    50    0.0135     2264       1262      71      
1100    50    0.010801     2615       1488      71      
1200    50    0.0077     2200       997      71      
1300    50    0.0241     6707       4614      71      
1400    50    0.005701     1559       123      71      
1500    50    0.0173     4620       2970      71      
1600    50    0.03     3831       1911      71      
1700    50    0.0216     5035       3228      71      
1800    50    0.018     4681       2948      71      
1900    50    0.0216     5720       3789      71      
2000    50    0.0151     3909       1698      71      
2100    50    0.0365     5135       3001      71      
2200    50    0.0349     5297       3043      71      
2300    50    0.043401     6821       4148      71      
2400    50    0.0426     4420       1977      71      
2500    50    0.0406     7408       4705      71      
2600    50    0.0292     6765       4079      71      
2700    50    0.056299     6133       3315      71      
2800    50    0.0226     6485       3173      71      
2900    50    0.0379     6381       3460      71      
3000    50    0.0368     11093       5875      71      
3100    50    0.011601     6243       3168      71      
3200    50    0.006     3664       344      71      
3300    50    0.0664     10395       7091      71      
3400    50    0.0387     9846       6448      71      
3500    50    0.029799     8158       4520      71      
3600    50    0.055501     12793       8995      71      
3700    50    0.0266     7201       3228      71      
3800    50    0.0233     6511       2717      71      
3900    50    0.0366     9307       5418      71      
4000    50    0.0356     6068       1964      71      
4100    50    0.0297     7777       3594      71      
4200    50    0.0257     5566       877      71      
4300    50    0.0618     13587       9200      71      
4400    50    0.016899     5593       1153      71      
4500    50    0.035301     8180       3372      71      
4600    50    0.016199     5534       929      71      
4700    50    0.039499     9845       5136      71      
4800    50    0.047     16641       9698      71      
4900    50    0.0519     10384       5183      71      
5000    50    0.051401     16452       11430      71      
5100    50    0.0357     9564       4379      71      
5200    50    0.0188     6735       1585      71      
5300    50    0.048     12359       5263      71      
5400    50    0.036     8208       2832      71      
5500    50    0.0412     13261       7679      71      
5600    50    0.052099     12251       6490      71      
5700    50    0.049601     14249       8445      71      
5800    50    0.027199     9694       3646      71      
5900    50    0.0584     15633       9575      71      
6000    50    0.0885     25041       18486      71      
6100    50    0.0449     10740       4528      71      
6200    50    0.0431     17453       11237      71      
6300    50    0.050999     14561       8081      71      
6400    50    0.082101     19036       12610      71      
6500    50    0.037299     11149       4297      71      
6600    50    0.0701     12125       5143      71      
6700    50    0.0519     12486       5577      71      
6800    50    0.055601     17823       4298      71      
6900    50    0.028001     13668       6729      71      
7000    50    0.020301     14729       7486      71      
7100    50    0.0554     15584       8495      71      
7200    50    0.046399     14241       6903      71      
7300    50    0.0681     17025       9668      71      
7400    50    0.075     15151       7350      71      
7500    50    0.0346     12611       4938      71      
7600    50    0.0683     12421       4630      71      
7700    50    0.0413     15463       4080      71      
7800    50    0.0681     16712       8912      71      
7900    50    0.018199     9933       1675      71      
8000    50    0.013601     9201       893      71      
8100    50    0.043699     14615       6337      71      
8200    50    0.0352     12612       4100      71      
8300    50    0.0239     9236       852      71      
8400    50    0.074401     16214       7056      71      
8500    50    0.0831     17235       8717      71      
8600    50    0.055499     15281       6652      71      
8700    50    0.044401     15056       6413      71      
8800    50    0.054699     12129       3290      71      
8900    50    0.050899     14131       5075      71      
9000    50    0.0257     12091       2970      71      
9100    50    0.0821     22855       13721      71      
9200    50    0.1174     34452       16031      71      
9300    50    0.0365     11382       1813      71      
9400    50    0.0541     20909       10982      71      
9500    50    0.096701     27128       17581      71      
9600    50    0.095899     27587       16347      71      
9700    50    0.031799     14966       5163      71      
9800    50    0.0321     19692       9689      71      
9900    50    0.0383     15035       4061      71      
10000    50    0.0773     23757       13696      71      
