100    50    0.0254     409       203      6      
200    50    0.006699     885       558      6      
300    50    0.0051     961       477      6      
400    50    0.004199     1062       347      6      
500    50    0.004201     1017       541      6      
600    50    0.0082     1997       1290      6      
700    50    0.0234     797       119      6      
800    50    0.006401     1156       298      6      
900    50    0.0137     2851       1453      6      
1000    50    0.008701     2209       1001      6      
1100    50    0.0117     3098       1951      6      
1200    50    0.0057     1526       347      6      
1300    50    0.0245     2704       1369      6      
1400    50    0.0072     3072       1665      6      
1500    50    0.0319     4353       2859      6      
1600    50    0.0269     3392       1668      6      
1700    50    0.0439     3975       2291      6      
1800    50    0.010801     2678       833      6      
1900    50    0.0249     5115       3143      6      
2000    50    0.0092     4207       2136      6      
2100    50    0.024701     5692       3316      6      
2200    50    0.0359     5335       3176      6      
2300    50    0.0346     4281       1757      6      
2400    50    0.005201     2594       223      6      
2500    50    0.022499     7953       5469      6      
2600    50    0.0428     6492       3695      6      
2700    50    0.0314     4624       1916      6      
2800    50    0.0165     5299       2505      6      
2900    50    0.0309     6322       3464      6      
3000    50    0.0314     7608       4561      6      
3100    50    0.0397     9216       5965      6      
3200    50    0.0368     16690       10294      6      
3300    50    0.0414     6645       3360      6      
3400    50    0.051201     12580       9054      6      
3500    50    0.0758     9559       5859      6      
3600    50    0.0557     12440       8798      6      
3700    50    0.050399     10520       6233      6      
3800    50    0.0165     5441       1660      6      
3900    50    0.014299     5566       1438      6      
4000    50    0.039699     9940       5986      6      
4100    50    0.047699     9538       5001      6      
4200    50    0.018599     6192       1959      6      
4300    50    0.043299     8059       3720      6      
4400    50    0.052799     10788       5290      6      
4500    50    0.0439     11585       6997      6      
4600    50    0.027899     8110       3452      6      
4700    50    0.012599     5965       933      6      
4800    50    0.0755     17730       12897      6      
4900    50    0.0129     5920       828      6      
5000    50    0.0367     8464       3468      6      
5100    50    0.028     7348       2195      6      
5200    50    0.0427     10171       4939      6      
5300    50    0.0092     5638       251      6      
5400    50    0.0504     13472       7882      6      
5500    50    0.032301     9877       4360      6      
5600    50    0.0479     11918       6230      6      
5700    50    0.050401     15698       9746      6      
5800    50    0.036999     6556       684      6      
5900    50    0.0827     9640       3542      6      
6000    50    0.016501     6875       900      6      
6100    50    0.0815     18226       12193      6      
6200    50    0.030299     9255       2751      6      
6300    50    0.026001     9619       3318      6      
6400    50    0.055099     16014       9557      6      
6500    50    0.0387     11585       5081      6      
6600    50    0.0457     18775       12098      6      
6700    50    0.043299     9912       2974      6      
6800    50    0.0365     16047       8947      6      
6900    50    0.0662     13270       6394      6      
7000    50    0.0422     11518       4425      6      
7100    50    0.0324     14003       6901      6      
7200    50    0.0117     8356       908      6      
7300    50    0.085599     16321       8929      6      
7400    50    0.0385     11396       3897      6      
7500    50    0.0471     17484       9881      6      
7600    50    0.040101     12360       4741      6      
7700    50    0.009801     8097       356      6      
7800    50    0.0203     9119       1339      6      
7900    50    0.0226     10513       2525      6      
8000    50    0.021099     10497       2198      6      
8100    50    0.0583     12709       4300      6      
8200    50    0.0223     10604       2163      6      
8300    50    0.0432     11830       3167      6      
8400    50    0.057801     16265       7535      6      
8500    50    0.033701     11934       3412      6      
8600    50    0.0489     15565       6979      6      
8700    50    0.0645     18390       9448      6      
8800    50    0.0749     19277       10469      6      
8900    50    0.0656     25023       15947      6      
9000    50    0.050301     16857       7328      6      
9100    50    0.063901     22787       13576      6      
9200    50    0.0477     17633       8296      6      
9300    50    0.0644     19897       10536      6      
9400    50    0.0761     25504       16086      6      
9500    50    0.0832     29639       19869      6      
9600    50    0.0686     18211       8471      6      
9700    50    0.1266     18493       8779      6      
9800    50    0.1142     30371       20479      6      
9900    50    0.0293     20563       10468      6      
10000    50    0.073701     24466       14418      6      
