100    50    0.003999     280       172      52      
200    50    0.003     369       155      52      
300    50    0.002899     487       165      52      
400    50    0.0043     1004       232      52      
500    50    0.0054     935       425      52      
600    50    0.0091     1381       797      52      
700    50    0.007     1381       597      52      
800    50    0.011399     2101       1229      52      
900    50    0.0082     2119       847      52      
1000    50    0.020199     4898       3046      52      
1100    50    0.011001     3312       2165      52      
1200    50    0.0091     2574       1398      52      
1300    50    0.013601     2864       1373      52      
1400    50    0.0302     6995       5613      52      
1500    50    0.015999     5225       3659      52      
1600    50    0.0241     6225       4654      52      
1700    50    0.0302     2978       1213      52      
1800    50    0.0294     6574       4544      52      
1900    50    0.0114     4858       2744      52      
2000    50    0.018301     3777       1679      52      
2100    50    0.0628     5103       2972      52      
2200    50    0.028201     3803       1610      52      
2300    50    0.0504     7783       5471      52      
2400    50    0.043299     5369       2946      52      
2500    50    0.016     3746       1228      52      
2600    50    0.0259     6149       3536      52      
2700    50    0.0283     5643       2945      52      
2800    50    0.0119     4100       1069      52      
2900    50    0.0336     5004       2137      52      
3000    50    0.0448     6667       3611      52      
3100    50    0.015     5471       2304      52      
3200    50    0.020599     8294       4703      52      
3300    50    0.0149     7315       729      52      
3400    50    0.0064     3723       344      52      
3500    50    0.041499     9364       5921      52      
3600    50    0.029301     7960       4149      52      
3700    50    0.0672     16419       12748      52      
3800    50    0.022     6380       2513      52      
3900    50    0.027     7069       3091      52      
4000    50    0.0418     9073       5061      52      
4100    50    0.056199     7640       3419      52      
4200    50    0.039201     7043       2531      52      
4300    50    0.0313     12613       8234      52      
4400    50    0.065299     9747       5296      52      
4500    50    0.0112     5377       889      52      
4600    50    0.068301     16297       11025      52      
4700    50    0.071099     13216       8386      52      
4800    50    0.076     14374       9612      52      
4900    50    0.033201     7720       2478      52      
5000    50    0.012701     5938       924      52      
5100    50    0.032501     8794       3619      52      
5200    50    0.0497     10015       4807      52      
5300    50    0.041299     13001       7143      52      
5400    50    0.0379     8167       2708      52      
5500    50    0.0138     6853       1399      52      
5600    50    0.0359     9757       4048      52      
5700    50    0.0444     12345       6615      52      
5800    50    0.097499     15699       9958      52      
5900    50    0.021899     7625       1594      52      
6000    50    0.1009     21645       11162      52      
6100    50    0.0695     14995       8625      52      
6200    50    0.049499     15997       9404      52      
6300    50    0.0668     15476       9102      52      
6400    50    0.0515     14170       7698      52      
6500    50    0.0538     12599       5835      52      
6600    50    0.0604     10244       3031      52      
6700    50    0.068     15003       8172      52      
6800    50    0.0266     7440       610      52      
6900    50    0.059101     16266       9349      52      
7000    50    0.0382     12188       4569      52      
7100    50    0.0456     9789       2545      52      
7200    50    0.0198     9930       2600      52      
7300    50    0.0443     11644       4142      52      
7400    50    0.1     25565       18058      52      
7500    50    0.0383     14084       6643      52      
7600    50    0.0505     13557       5984      52      
7700    50    0.1195     21560       13876      52      
7800    50    0.074301     22887       14521      52      
7900    50    0.0802     24253       16235      52      
8000    50    0.080499     17016       8833      52      
8100    50    0.0105     8726       646      52      
8200    50    0.0708     15552       7242      52      
8300    50    0.069999     14765       6436      52      
8400    50    0.0902     30211       21782      52      
8500    50    0.127     26377       17905      52      
8600    50    0.027699     11248       2617      52      
8700    50    0.018     10224       1431      52      
8800    50    0.0827     30795       21960      52      
8900    50    0.0158     9616       726      52      
9000    50    0.0704     12840       3762      52      
9100    50    0.028     12753       2669      52      
9200    50    0.0707     23832       14124      52      
9300    50    0.039499     14768       4479      52      
9400    50    0.1284     31726       22280      52      
9500    50    0.0688     12441       2839      52      
9600    50    0.064601     15446       5866      52      
9700    50    0.0627     21176       11366      52      
9800    50    0.0653     19042       8462      52      
9900    50    0.0648     18215       8380      52      
10000    50    0.0521     15529       5491      52      
