100    50    0.0033     215       112      98      
200    50    0.004201     416       205      98      
300    50    0.0025     476       168      98      
400    50    0.005     879       395      98      
500    50    0.006199     1324       688      98      
600    50    0.0076     2126       1545      98      
700    50    0.008201     1128       367      98      
800    50    0.0127     3210       2324      98      
900    50    0.0118     3019       2127      98      
1000    50    0.0112     2504       1450      98      
1100    50    0.010799     2380       1267      98      
1200    50    0.0248     2360       987      98      
1300    50    0.009399     2086       781      98      
1400    50    0.004999     1870       326      98      
1500    50    0.0112     3247       1792      98      
1600    50    0.017299     5730       4100      98      
1700    50    0.018401     3505       1402      98      
1800    50    0.0196     4528       2693      98      
1900    50    0.0116     3061       1036      98      
2000    50    0.020701     4550       2590      98      
2100    50    0.0107     4696       2385      98      
2200    50    0.0276     3100       841      98      
2300    50    0.011701     4818       2402      98      
2400    50    0.006001     2900       418      98      
2500    50    0.0665     6937       4216      98      
2600    50    0.022099     6354       3736      98      
2700    50    0.0396     6260       3185      98      
2800    50    0.0149     5973       3101      98      
2900    50    0.032801     7108       4109      98      
3000    50    0.0235     8640       5337      98      
3100    50    0.0454     5668       1984      98      
3200    50    0.0387     6132       2828      98      
3300    50    0.028699     4462       1111      98      
3400    50    0.0308     11160       7712      98      
3500    50    0.014699     5331       1513      98      
3600    50    0.028299     9125       5343      98      
3700    50    0.0242     4424       716      98      
3800    50    0.0428     7839       3777      98      
3900    50    0.0756     7816       3924      98      
4000    50    0.0529     17488       13403      98      
4100    50    0.0532     7261       2975      98      
4200    50    0.0272     5982       1718      98      
4300    50    0.0129     5278       825      98      
4400    50    0.0367     5666       970      98      
4500    50    0.018301     6267       1661      98      
4600    50    0.01     5332       526      98      
4700    50    0.0677     12970       7912      98      
4800    50    0.0381     8937       3776      98      
4900    50    0.0351     7889       2911      98      
5000    50    0.0495     16776       8236      98      
5100    50    0.048901     10137       5063      98      
5200    50    0.0437     11927       6047      98      
5300    50    0.0634     19391       12624      98      
5400    50    0.0154     6809       1427      98      
5500    50    0.0503     10677       5092      98      
5600    50    0.0844     18654       12992      98      
5700    50    0.065001     8782       2976      98      
5800    50    0.066199     10986       4890      98      
5900    50    0.017401     7198       1169      98      
6000    50    0.0155     6824       789      98      
6100    50    0.0226     8172       1959      98      
6200    50    0.0379     8682       2340      98      
6300    50    0.0174     8349       2024      98      
6400    50    0.0367     12093       5563      98      
6500    50    0.068201     22498       15943      98      
6600    50    0.0982     20029       13465      98      
6700    50    0.061901     15864       9008      98      
6800    50    0.0608     15993       8955      98      
6900    50    0.047901     16413       9340      98      
7000    50    0.0261     8694       1683      98      
7100    50    0.0426     12148       4917      98      
7200    50    0.0378     16025       8760      98      
7300    50    0.1597     17348       10041      98      
7400    50    0.032401     10387       2956      98      
7500    50    0.04     11868       4282      98      
7600    50    0.0537     18400       10337      98      
7700    50    0.0495     14223       6253      98      
7800    50    0.0613     16038       8149      98      
7900    50    0.0635     14660       6663      98      
8000    50    0.0573     21619       13480      98      
8100    50    0.0844     24116       16022      98      
8200    50    0.0808     9515       1190      98      
8300    50    0.098401     21616       13045      98      
8400    50    0.0715     25015       16587      98      
8500    50    0.058799     19862       11252      98      
8600    50    0.0974     18851       10224      98      
8700    50    0.05     15037       5998      98      
8800    50    0.056501     21307       12364      98      
8900    50    0.016     9651       633      98      
9000    50    0.112299     17546       8517      98      
9100    50    0.0105     9567       437      98      
9200    50    0.0389     13359       4064      98      
9300    50    0.0479     15501       5679      98      
9400    50    0.0448     21532       12110      98      
9500    50    0.100701     25480       15939      98      
9600    50    0.097601     19696       10140      98      
9700    50    0.083999     26672       16960      98      
9800    50    0.0688     25358       15308      98      
9900    50    0.058     24790       14836      98      
10000    50    0.0709     22453       12461      98      
