100    50    0.0044     380       211      46      
200    50    0.0048     518       256      46      
300    50    0.002699     440       196      46      
400    50    0.003201     578       199      46      
500    50    0.0048     920       384      46      
600    50    0.0023     772       168      46      
700    50    0.0043     912       219      46      
800    50    0.02     1683       162      46      
900    50    0.0237     2172       1150      46      
1000    50    0.0111     2897       1489      46      
1100    50    0.020201     4888       1641      46      
1200    50    0.0144     4675       2751      46      
1300    50    0.0102     2818       1518      46      
1400    50    0.0308     5259       3640      46      
1500    50    0.020099     3668       2123      46      
1600    50    0.028999     3393       1722      46      
1700    50    0.0166     7423       5727      46      
1800    50    0.0178     5089       3133      46      
1900    50    0.004801     2347       279      46      
2000    50    0.0202     3650       1584      46      
2100    50    0.0143     3167       1023      46      
2200    50    0.0063     2651       299      46      
2300    50    0.016699     4862       2582      46      
2400    50    0.047     5636       3193      46      
2500    50    0.0046     2833       264      46      
2600    50    0.0344     8185       5359      46      
2700    50    0.040199     9105       4567      46      
2800    50    0.0495     9106       6234      46      
2900    50    0.017201     4378       1377      46      
3000    50    0.0171     4373       955      46      
3100    50    0.0401     5743       2531      46      
3200    50    0.016899     5107       1794      46      
3300    50    0.0382     6824       3371      46      
3400    50    0.027999     6192       2838      46      
3500    50    0.058199     11408       5117      46      
3600    50    0.0044     3728       119      46      
3700    50    0.1142     10040       6176      46      
3800    50    0.0227     6164       2318      46      
3900    50    0.0389     7123       3085      46      
4000    50    0.06     9924       5662      46      
4100    50    0.014101     5638       1316      46      
4200    50    0.034101     7073       2620      46      
4300    50    0.0232     6091       1588      46      
4400    50    0.03     7306       2933      46      
4500    50    0.0353     6775       2277      46      
4600    50    0.0375     9402       4704      46      
4700    50    0.035801     9555       4869      46      
4800    50    0.0687     11349       6349      46      
4900    50    0.029701     7184       2172      46      
5000    50    0.018299     6375       1389      46      
5100    50    0.039399     13386       8055      46      
5200    50    0.0164     6066       851      46      
5300    50    0.0526     10891       5566      46      
5400    50    0.0716     23841       17497      46      
5500    50    0.0608     21734       16224      46      
5600    50    0.054     14884       9225      46      
5700    50    0.110201     15480       9776      46      
5800    50    0.035301     8087       1994      46      
5900    50    0.049599     12690       6747      46      
6000    50    0.0867     15972       9885      46      
6100    50    0.031     8703       2606      46      
6200    50    0.097999     20043       13621      46      
6300    50    0.0456     18036       11741      46      
6400    50    0.044301     11896       5331      46      
6500    50    0.0245     9334       2748      46      
6600    50    0.041     13523       6692      46      
6700    50    0.03     8835       2025      46      
6800    50    0.0755     18166       11312      46      
6900    50    0.126     22149       15270      46      
7000    50    0.028101     9049       1926      46      
7100    50    0.069     14997       7618      46      
7200    50    0.0502     12072       4848      46      
7300    50    0.042999     13796       6363      46      
7400    50    0.039     10596       3101      46      
7500    50    0.0166     9540       1841      46      
7600    50    0.008899     8280       347      46      
7700    50    0.068     11455       2900      46      
7800    50    0.088401     20405       12258      46      
7900    50    0.0286     11543       3543      46      
8000    50    0.0917     26950       18467      46      
8100    50    0.0225     17064       921      46      
8200    50    0.0416     13070       2919      46      
8300    50    0.0444     14157       5845      46      
8400    50    0.0839     15142       5886      46      
8500    50    0.066701     17727       8901      46      
8600    50    0.106499     16869       8282      46      
8700    50    0.070899     16533       7688      46      
8800    50    0.117599     27086       18250      46      
8900    50    0.081501     22579       13461      46      
9000    50    0.023799     11494       2187      46      
9100    50    0.0726     24409       15268      46      
9200    50    0.0254     12178       2373      46      
9300    50    0.1228     27332       17497      46      
9400    50    0.019701     10848       1311      46      
9500    50    0.034201     13918       2815      46      
9600    50    0.021299     11022       1333      46      
9700    50    0.1041     29798       20081      46      
9800    50    0.081801     19852       9633      46      
9900    50    0.018201     11489       1236      46      
10000    50    0.036301     13267       3252      46      
