100    50    0.002     159       112      41      
200    50    0.0034     582       303      41      
300    50    0.0035     594       329      41      
400    50    0.004601     833       258      41      
500    50    0.0095     2091       1424      41      
600    50    0.0043     980       362      41      
700    50    0.0106     1703       950      41      
800    50    0.009001     1453       696      41      
900    50    0.010001     2613       1620      41      
1000    50    0.0137     2649       1609      41      
1100    50    0.0073     2227       1099      41      
1200    50    0.0028     1357       102      41      
1300    50    0.0148     3035       1519      41      
1400    50    0.009999     2189       809      41      
1500    50    0.0104     2752       1120      41      
1600    50    0.013301     3800       2141      41      
1700    50    0.019099     3639       1725      41      
1800    50    0.034599     5100       3307      41      
1900    50    0.0169     4750       2786      41      
2000    50    0.0294     7194       5119      41      
2100    50    0.005399     2297       124      41      
2200    50    0.0196     4248       2066      41      
2300    50    0.0272     3709       1311      41      
2400    50    0.034201     5777       3315      41      
2500    50    0.041601     6336       3684      41      
2600    50    0.031     7432       4622      41      
2700    50    0.0426     5774       2964      41      
2800    50    0.016499     5465       2606      41      
2900    50    0.0394     7433       4111      41      
3000    50    0.016201     4736       1118      41      
3100    50    0.0761     10404       6006      41      
3200    50    0.0292     8971       5795      41      
3300    50    0.027001     5319       1954      41      
3400    50    0.0485     8478       4629      41      
3500    50    0.024599     6896       3361      41      
3600    50    0.0315     5502       1739      41      
3700    50    0.0437     6837       3005      41      
3800    50    0.0232     10255       5842      41      
3900    50    0.016799     5378       1495      41      
4000    50    0.0404     7752       3814      41      
4100    50    0.043699     8392       3761      41      
4200    50    0.018001     6112       1839      41      
4300    50    0.0557     11659       6855      41      
4400    50    0.0535     10295       5838      41      
4500    50    0.0127     5626       1060      41      
4600    50    0.0849     14744       10068      41      
4700    50    0.036701     12615       7797      41      
4800    50    0.05     8416       3604      41      
4900    50    0.0523     10311       5417      41      
5000    50    0.0416     8460       3434      41      
5100    50    0.0451     8069       2957      41      
5200    50    0.081299     13589       5397      41      
5300    50    0.0571     11131       5902      41      
5400    50    0.047201     13723       7974      41      
5500    50    0.049     19639       13970      41      
5600    50    0.0573     15972       10231      41      
5700    50    0.082799     11056       5414      41      
5800    50    0.077601     14028       8117      41      
5900    50    0.0491     14825       3096      41      
6000    50    0.128399     16492       10500      41      
6100    50    0.049001     10919       4782      41      
6200    50    0.0226     8707       2386      41      
6300    50    0.0175     7797       1514      41      
6400    50    0.051499     12147       5680      41      
6500    50    0.0685     17990       11467      41      
6600    50    0.0235     8446       1824      41      
6700    50    0.0749     19369       12643      41      
6800    50    0.0434     11882       4616      41      
6900    50    0.0469     10092       3132      41      
7000    50    0.0179     8530       1510      41      
7100    50    0.0381     11392       4147      41      
7200    50    0.056099     13807       5837      41      
7300    50    0.0615     16032       8686      41      
7400    50    0.0777     12285       4681      41      
7500    50    0.0388     12962       5255      41      
7600    50    0.047899     13539       5838      41      
7700    50    0.075     15697       7959      41      
7800    50    0.0548     15281       7249      41      
7900    50    0.012601     8860       873      41      
8000    50    0.0119     9598       923      41      
8100    50    0.0853     30918       22278      41      
8200    50    0.0537     14207       5940      41      
8300    50    0.080801     18873       10595      41      
8400    50    0.0153     9525       1007      41      
8500    50    0.0388     11426       2679      41      
8600    50    0.1009     30475       17669      41      
8700    50    0.0218     17583       8864      41      
8800    50    0.0418     18070       9258      41      
8900    50    0.0837     22951       14018      41      
9000    50    0.0611     23059       14065      41      
9100    50    0.127099     21249       11676      41      
9200    50    0.074099     19286       9582      41      
9300    50    0.024699     11663       2057      41      
9400    50    0.077399     21164       9953      41      
9500    50    0.0796     23885       14446      41      
9600    50    0.071101     21955       12337      41      
9700    50    0.1121     27739       17740      41      
9800    50    0.0461     17316       7239      41      
9900    50    0.0512     18813       8861      41      
10000    50    0.1382     28370       18412      41      
