100    50    0.0177     262       169      53      
200    50    0.0041     783       450      53      
300    50    0.005599     961       552      53      
400    50    0.004799     783       357      53      
500    50    0.0089     1740       893      53      
600    50    0.0109     2093       1207      53      
700    50    0.0103     2555       1550      53      
800    50    0.0077     1641       857      53      
900    50    0.011701     3551       1489      53      
1000    50    0.0066     1366       248      53      
1100    50    0.013801     3620       2321      53      
1200    50    0.0142     4261       2414      53      
1300    50    0.0027     1393       108      53      
1400    50    0.013901     2721       1306      53      
1500    50    0.009799     2695       978      53      
1600    50    0.0234     3627       2003      53      
1700    50    0.0158     4643       2975      53      
1800    50    0.0144     2836       988      53      
1900    50    0.013799     5042       3065      53      
2000    50    0.0057     2195       122      53      
2100    50    0.0393     3923       1815      53      
2200    50    0.0216     7469       5038      53      
2300    50    0.0152     4184       1854      53      
2400    50    0.0492     6747       4336      53      
2500    50    0.0436     6732       4297      53      
2600    50    0.0384     4946       2261      53      
2700    50    0.0229     5029       1907      53      
2800    50    0.021901     7562       1908      53      
2900    50    0.048999     9404       6264      53      
3000    50    0.0145     4361       1142      53      
3100    50    0.0131     4366       1046      53      
3200    50    0.0119     4288       946      53      
3300    50    0.0304     5912       2613      53      
3400    50    0.012199     4234       875      53      
3500    50    0.0147     5508       1980      53      
3600    50    0.0316     11404       7853      53      
3700    50    0.0685     11916       7756      53      
3800    50    0.0531     11076       7192      53      
3900    50    0.018001     5423       1514      53      
4000    50    0.0666     11419       7407      53      
4100    50    0.0455     6554       2208      53      
4200    50    0.0576     10311       6113      53      
4300    50    0.033     7079       2731      53      
4400    50    0.0722     13031       8611      53      
4500    50    0.0075     4816       221      53      
4600    50    0.0446     8334       3685      53      
4700    50    0.0226     6946       2158      53      
4800    50    0.026899     6111       1051      53      
4900    50    0.016999     5974       1029      53      
5000    50    0.0416     15272       10279      53      
5100    50    0.016399     6551       1389      53      
5200    50    0.0438     9933       4708      53      
5300    50    0.0835     17275       11882      53      
5400    50    0.0655     11191       5758      53      
5500    50    0.0063     5940       305      53      
5600    50    0.0713     15571       9817      53      
5700    50    0.0393     11576       5875      53      
5800    50    0.0638     11675       5548      53      
5900    50    0.0755     16842       10993      53      
6000    50    0.064701     10203       4224      53      
6100    50    0.097301     14277       8155      53      
6200    50    0.026     9068       2897      53      
6300    50    0.036999     10676       4219      53      
6400    50    0.0233     9154       2456      53      
6500    50    0.072499     12883       6239      53      
6600    50    0.0615     9908       3172      53      
6700    50    0.0548     12050       5101      53      
6800    50    0.064199     19809       12699      53      
6900    50    0.0395     10632       3758      53      
7000    50    0.0703     16109       9100      53      
7100    50    0.0489     11192       4119      53      
7200    50    0.0334     11852       4670      53      
7300    50    0.0474     9782       2394      53      
7400    50    0.065999     15905       8416      53      
7500    50    0.0568     15824       7997      53      
7600    50    0.065401     16950       9135      53      
7700    50    0.0521     17729       9953      53      
7800    50    0.0255     9517       1693      53      
7900    50    0.0602     16251       8398      53      
8000    50    0.0512     14075       6041      53      
8100    50    0.0759     25566       17410      53      
8200    50    0.0512     13484       5105      53      
8300    50    0.026199     9775       1430      53      
8400    50    0.0451     11976       3558      53      
8500    50    0.140599     19039       10584      53      
8600    50    0.009699     8773       147      53      
8700    50    0.0981     24061       15422      53      
8800    50    0.0811     28266       19395      53      
8900    50    0.073199     20003       11070      53      
9000    50    0.0761     23135       13977      53      
9100    50    0.043201     12419       3364      53      
9200    50    0.018099     11557       1769      53      
9300    50    0.116     34110       24833      53      
9400    50    0.149901     16360       6988      53      
9500    50    0.0545     14404       4675      53      
9600    50    0.0746     19617       9938      53      
9700    50    0.0849     21564       11877      53      
9800    50    0.087799     19203       9355      53      
9900    50    0.065899     21482       11539      53      
10000    50    0.047601     16513       6433      53      
