100    50    0.0025     373       266      85      
200    50    0.002899     454       163      85      
300    50    0.0062     867       447      85      
400    50    0.0066     1253       703      85      
500    50    0.0044     966       432      85      
600    50    0.005299     1518       283      85      
700    50    0.0052     829       123      85      
800    50    0.0237     2166       908      85      
900    50    0.006201     1169       302      85      
1000    50    0.011699     3132       2013      85      
1100    50    0.015     5267       3169      85      
1200    50    0.005601     1636       415      85      
1300    50    0.0129     3708       1532      85      
1400    50    0.0194     4559       1955      85      
1500    50    0.0109     2440       894      85      
1600    50    0.0085     2676       807      85      
1700    50    0.0129     3294       1220      85      
1800    50    0.0156     4271       2111      85      
1900    50    0.0142     4624       2726      85      
2000    50    0.0137     3450       1389      85      
2100    50    0.037301     5468       3325      85      
2200    50    0.0261     3296       830      85      
2300    50    0.0266     6051       3782      85      
2400    50    0.0294     2990       628      85      
2500    50    0.0383     4845       2149      85      
2600    50    0.047799     7922       5278      85      
2700    50    0.0287     6550       3767      85      
2800    50    0.016799     4113       1298      85      
2900    50    0.0356     5711       2490      85      
3000    50    0.050501     9656       5317      85      
3100    50    0.0372     6904       3688      85      
3200    50    0.0532     14143       10509      85      
3300    50    0.0472     9059       5213      85      
3400    50    0.028     9223       5844      85      
3500    50    0.0553     5801       2232      85      
3600    50    0.0143     4864       1204      85      
3700    50    0.0529     11559       7684      85      
3800    50    0.079299     13629       9689      85      
3900    50    0.019299     5408       1480      85      
4000    50    0.0248     6908       2965      85      
4100    50    0.0247     8119       3565      85      
4200    50    0.0689     9269       4709      85      
4300    50    0.0749     17669       13381      85      
4400    50    0.0389     7666       3199      85      
4500    50    0.028201     7366       2415      85      
4600    50    0.030801     13164       3902      85      
4700    50    0.032799     9294       4610      85      
4800    50    0.028     7152       2409      85      
4900    50    0.0581     13338       8460      85      
5000    50    0.0393     9934       4498      85      
5100    50    0.078201     15839       10655      85      
5200    50    0.0604     8207       2992      85      
5300    50    0.036399     9603       3932      85      
5400    50    0.0312     13211       7679      85      
5500    50    0.050701     10995       5325      85      
5600    50    0.0357     8640       2898      85      
5700    50    0.042301     9198       3261      85      
5800    50    0.0186     8135       2337      85      
5900    50    0.0357     9436       3224      85      
6000    50    0.068     12508       6517      85      
6100    50    0.0819     19787       13577      85      
6200    50    0.0368     9615       2993      85      
6300    50    0.010901     7162       771      85      
6400    50    0.029899     8718       2103      85      
6500    50    0.044901     16377       9700      85      
6600    50    0.043599     16408       9791      85      
6700    50    0.113601     18491       11427      85      
6800    50    0.0614     16553       9807      85      
6900    50    0.0112     7309       388      85      
7000    50    0.0385     11449       4454      85      
7100    50    0.056201     11259       4121      85      
7200    50    0.0747     22683       14972      85      
7300    50    0.0447     18203       10836      85      
7400    50    0.101601     23178       15422      85      
7500    50    0.051099     25132       17618      85      
7600    50    0.042701     10954       3345      85      
7700    50    0.0684     20275       12569      85      
7800    50    0.008599     8232       368      85      
7900    50    0.231399     23351       15361      85      
8000    50    0.0691     18383       10198      85      
8100    50    0.0225     11117       2732      85      
8200    50    0.0188     10055       1421      85      
8300    50    0.0669     16094       7766      85      
8400    50    0.0166     9933       1549      85      
8500    50    0.081899     19798       11306      85      
8600    50    0.0667     22736       14071      85      
8700    50    0.025399     11383       2240      85      
8800    50    0.0717     12396       3655      85      
8900    50    0.089301     18039       8989      85      
9000    50    0.055399     15395       5740      85      
9100    50    0.096199     24190       14772      85      
9200    50    0.0485     17447       8017      85      
9300    50    0.0525     27216       17741      85      
9400    50    0.017399     10790       1216      85      
9500    50    0.1119     26047       16175      85      
9600    50    0.0889     31593       20875      85      
9700    50    0.0384     13077       3310      85      
9800    50    0.088401     19828       9897      85      
9900    50    0.0427     18178       8194      85      
10000    50    0.0427     15120       3862      85      
