100    50    0.020499     321       175      9      
200    50    0.003501     347       172      9      
300    50    0.0071     1172       731      9      
400    50    0.005701     1159       678      9      
500    50    0.006001     1458       805      9      
600    50    0.004     839       286      9      
700    50    0.0034     956       261      9      
800    50    0.011501     2684       1918      9      
900    50    0.032399     1852       957      9      
1000    50    0.005201     1373       368      9      
1100    50    0.0099     1811       724      9      
1200    50    0.0152     3286       2108      9      
1300    50    0.026101     2596       1194      9      
1400    50    0.0112     2506       869      9      
1500    50    0.0278     2792       1276      9      
1600    50    0.0082     2544       723      9      
1700    50    0.0213     3432       1642      9      
1800    50    0.007201     2528       657      9      
1900    50    0.013501     3154       1029      9      
2000    50    0.024599     4624       2614      9      
2100    50    0.021401     6024       3909      9      
2200    50    0.020201     4159       1968      9      
2300    50    0.012201     3068       756      9      
2400    50    0.0075     2757       370      9      
2500    50    0.010501     3728       1080      9      
2600    50    0.0414     8212       5567      9      
2700    50    0.036601     5005       2213      9      
2800    50    0.0075     3538       737      9      
2900    50    0.036701     6519       3456      9      
3000    50    0.0081     3535       499      9      
3100    50    0.0101     3935       614      9      
3200    50    0.0317     9368       6124      9      
3300    50    0.0227     7810       4539      9      
3400    50    0.1018     9685       6267      9      
3500    50    0.0243     7230       3641      9      
3600    50    0.048101     11358       7746      9      
3700    50    0.0225     7801       4096      9      
3800    50    0.034799     8968       4965      9      
3900    50    0.014101     5205       1299      9      
4000    50    0.018499     5933       1856      9      
4100    50    0.010099     4901       755      9      
4200    50    0.0216     5779       1347      9      
4300    50    0.0077     4555       190      9      
4400    50    0.0107     4717       281      9      
4500    50    0.0467     8291       3751      9      
4600    50    0.0313     13028       8441      9      
4700    50    0.0213     8461       3744      9      
4800    50    0.053201     12568       7293      9      
4900    50    0.0602     19450       14400      9      
5000    50    0.0464     11044       6023      9      
5100    50    0.032     10492       3534      9      
5200    50    0.044101     8626       3340      9      
5300    50    0.0231     5602       286      9      
5400    50    0.039501     8688       3208      9      
5500    50    0.0588     18634       9841      9      
5600    50    0.040001     9944       4315      9      
5700    50    0.0406     14247       8599      9      
5800    50    0.0303     7437       1590      9      
5900    50    0.0739     17681       11718      9      
6000    50    0.0354     8601       2638      9      
6100    50    0.0701     12382       6241      9      
6200    50    0.1109     13625       7292      9      
6300    50    0.0543     18182       10762      9      
6400    50    0.027701     9820       2145      9      
6500    50    0.0454     14152       7485      9      
6600    50    0.0438     13758       6958      9      
6700    50    0.0235     8330       1656      9      
6800    50    0.072699     21477       14409      9      
6900    50    0.009799     7848       706      9      
7000    50    0.010701     7583       475      9      
7100    50    0.0535     21102       14060      9      
7200    50    0.055     18625       11458      9      
7300    50    0.0325     11616       4216      9      
7400    50    0.0807     14057       6610      9      
7500    50    0.115     24463       16978      9      
7600    50    0.095599     21465       12531      9      
7700    50    0.0407     13946       5719      9      
7800    50    0.0268     11846       4094      9      
7900    50    0.016799     10501       1722      9      
8000    50    0.047901     15378       7260      9      
8100    50    0.071     12903       4654      9      
8200    50    0.0382     22259       13891      9      
8300    50    0.0914     16685       8342      9      
8400    50    0.081201     11805       3119      9      
8500    50    0.0787     18928       9261      9      
8600    50    0.0502     12546       3810      9      
8700    50    0.071999     18008       9289      9      
8800    50    0.0423     13782       4780      9      
8900    50    0.0357     15843       4927      9      
9000    50    0.0432     11582       2624      9      
9100    50    0.101999     26044       16902      9      
9200    50    0.078701     31087       21855      9      
9300    50    0.0419     16905       7238      9      
9400    50    0.105899     31030       21536      9      
9500    50    0.016     11598       1322      9      
9600    50    0.1185     27763       18124      9      
9700    50    0.0173     10456       536      9      
9800    50    0.075401     30803       20959      9      
9900    50    0.1301     42314       32296      9      
10000    50    0.0258     12275       2295      9      
