100    50    0.026599     518       184      16      
200    50    0.0031     425       181      16      
300    50    0.0063     867       451      16      
400    50    0.0066     1411       686      16      
500    50    0.006801     1268       608      16      
600    50    0.0861     2105       1471      16      
700    50    0.0049     1366       665      16      
800    50    0.011499     1808       641      16      
900    50    0.0123     2074       1092      16      
1000    50    0.0078     1691       657      16      
1100    50    0.0138     2994       1854      16      
1200    50    0.0045     1429       258      16      
1300    50    0.0207     2681       1335      16      
1400    50    0.0184     3580       2027      16      
1500    50    0.0101     2422       885      16      
1600    50    0.013499     3171       1253      16      
1700    50    0.0302     3807       1830      16      
1800    50    0.029001     4687       2760      16      
1900    50    0.0198     4055       2197      16      
2000    50    0.031899     3387       1299      16      
2100    50    0.024     4936       2843      16      
2200    50    0.0079     3062       513      16      
2300    50    0.0206     4271       1964      16      
2400    50    0.0293     4669       1143      16      
2500    50    0.0208     5821       2438      16      
2600    50    0.0221     5776       2988      16      
2700    50    0.032401     4006       1310      16      
2800    50    0.0461     8131       3531      16      
2900    50    0.1055     8741       5726      16      
3000    50    0.0234     4765       1721      16      
3100    50    0.033099     7252       4058      16      
3200    50    0.018401     5480       2148      16      
3300    50    0.052301     6406       3050      16      
3400    50    0.0249     9539       3179      16      
3500    50    0.022099     5589       2121      16      
3600    50    0.005401     4011       246      16      
3700    50    0.0052     3856       134      16      
3800    50    0.0499     7904       3880      16      
3900    50    0.0506     11640       7679      16      
4000    50    0.0332     5941       1944      16      
4100    50    0.0558     10910       6826      16      
4200    50    0.025199     7286       3040      16      
4300    50    0.0603     12672       8296      16      
4400    50    0.049899     9549       4734      16      
4500    50    0.063199     9859       5362      16      
4600    50    0.037101     7410       2724      16      
4700    50    0.051001     9002       4350      16      
4800    50    0.0697     13542       8642      16      
4900    50    0.083299     13167       8124      16      
5000    50    0.047499     8758       3749      16      
5100    50    0.046699     13807       8657      16      
5200    50    0.0472     8838       3551      16      
5300    50    0.0478     10000       4644      16      
5400    50    0.061     14441       8724      16      
5500    50    0.0681     18610       13016      16      
5600    50    0.035499     8608       3005      16      
5700    50    0.0069     6049       291      16      
5800    50    0.064299     13541       7651      16      
5900    50    0.031101     12584       6600      16      
6000    50    0.0538     9765       3779      16      
6100    50    0.029     7961       1800      16      
6200    50    0.0391     8013       1703      16      
6300    50    0.080001     14832       8533      16      
6400    50    0.0813     28225       21651      16      
6500    50    0.0424     15603       8807      16      
6600    50    0.0488     12722       6144      16      
6700    50    0.1003     16646       9700      16      
6800    50    0.025799     10491       3597      16      
6900    50    0.072799     16186       9349      16      
7000    50    0.077999     15100       8106      16      
7100    50    0.0318     11890       3980      16      
7200    50    0.083     25729       18274      16      
7300    50    0.0536     16027       8672      16      
7400    50    0.0862     17244       9589      16      
7500    50    0.064801     14891       7365      16      
7600    50    0.0295     11619       3914      16      
7700    50    0.026899     11820       4081      16      
7800    50    0.079     19563       11425      16      
7900    50    0.072     27805       19893      16      
8000    50    0.0798     20894       12756      16      
8100    50    0.070299     16849       8655      16      
8200    50    0.0088     8610       377      16      
8300    50    0.1162     26339       17969      16      
8400    50    0.1998     15407       6984      16      
8500    50    0.0691     15526       6863      16      
8600    50    0.0794     20321       11626      16      
8700    50    0.093     22544       13799      16      
8800    50    0.065599     29823       20894      16      
8900    50    0.0989     29445       19774      16      
9000    50    0.0432     12561       3494      16      
9100    50    0.023     10653       1569      16      
9200    50    0.0465     15305       6010      16      
9300    50    0.0559     23911       14539      16      
9400    50    0.018001     10311       587      16      
9500    50    0.059401     17681       8036      16      
9600    50    0.0443     14396       4402      16      
9700    50    0.1235     29982       20199      16      
9800    50    0.1218     23156       13293      16      
9900    50    0.0428     16159       6112      16      
10000    50    0.1008     27970       17992      16      
