100    50    0.0229     276       109      4      
200    50    0.0034     434       136      4      
300    50    0.0066     914       509      4      
400    50    0.0021     478       113      4      
500    50    0.0031     705       195      4      
600    50    0.0079     2359       1605      4      
700    50    0.0098     1846       1044      4      
800    50    0.011199     2583       1262      4      
900    50    0.025501     3366       1364      4      
1000    50    0.005901     1493       468      4      
1100    50    0.008699     2131       946      4      
1200    50    0.015601     3920       2204      4      
1300    50    0.0043     1603       337      4      
1400    50    0.004801     1774       350      4      
1500    50    0.0313     4087       2496      4      
1600    50    0.0067     1846       212      4      
1700    50    0.0064     2071       298      4      
1800    50    0.012001     3128       1210      4      
1900    50    0.024     5991       3121      4      
2000    50    0.028601     4818       2576      4      
2100    50    0.0339     5293       3145      4      
2200    50    0.0157     3615       1362      4      
2300    50    0.0195     5425       2884      4      
2400    50    0.028301     2746       388      4      
2500    50    0.0476     9831       4903      4      
2600    50    0.0136     3679       937      4      
2700    50    0.010201     3449       808      4      
2800    50    0.0247     5324       2512      4      
2900    50    0.0198     6204       3074      4      
3000    50    0.0386     6031       3027      4      
3100    50    0.028799     7817       4727      4      
3200    50    0.013     4389       1174      4      
3300    50    0.048     10091       6787      4      
3400    50    0.0509     14181       10831      4      
3500    50    0.0285     7307       3601      4      
3600    50    0.0646     4953       1361      4      
3700    50    0.050201     7744       3923      4      
3800    50    0.049199     12433       8597      4      
3900    50    0.042001     10923       7022      4      
4000    50    0.0157     8113       4013      4      
4100    50    0.009999     5024       956      4      
4200    50    0.005301     4418       103      4      
4300    50    0.0537     9258       4993      4      
4400    50    0.0569     12306       7573      4      
4500    50    0.0497     10607       5249      4      
4600    50    0.0718     11239       6138      4      
4700    50    0.016199     5922       1160      4      
4800    50    0.0458     7886       2876      4      
4900    50    0.0571     11470       6501      4      
5000    50    0.0089     5363       273      4      
5100    50    0.035899     10098       4939      4      
5200    50    0.0435     7761       2528      4      
5300    50    0.061     15043       9597      4      
5400    50    0.0743     13618       8220      4      
5500    50    0.027201     9027       3194      4      
5600    50    0.011801     6688       763      4      
5700    50    0.056901     16123       6272      4      
5800    50    0.024599     6528       744      4      
5900    50    0.0676     18857       12926      4      
6000    50    0.075299     14718       8015      4      
6100    50    0.073001     13090       6919      4      
6200    50    0.0787     13444       7296      4      
6300    50    0.0443     16094       9664      4      
6400    50    0.0083     6923       525      4      
6500    50    0.0357     11963       5316      4      
6600    50    0.0794     19767       8990      4      
6700    50    0.0585     16631       9272      4      
6800    50    0.058499     15223       8171      4      
6900    50    0.0196     9551       2429      4      
7000    50    0.098099     27594       20470      4      
7100    50    0.029701     12211       4892      4      
7200    50    0.0536     22949       15519      4      
7300    50    0.0088     7797       282      4      
7400    50    0.0456     9441       2046      4      
7500    50    0.082201     22851       14273      4      
7600    50    0.1238     19713       12089      4      
7700    50    0.134799     20344       12651      4      
7800    50    0.1301     18273       10433      4      
7900    50    0.057201     15455       7456      4      
8000    50    0.0819     16068       7826      4      
8100    50    0.0181     8511       238      4      
8200    50    0.0555     21400       13170      4      
8300    50    0.097999     12819       4547      4      
8400    50    0.0845     18119       9669      4      
8500    50    0.082099     24472       15912      4      
8600    50    0.072499     11264       2657      4      
8700    50    0.0428     13200       4500      4      
8800    50    0.0692     18364       9418      4      
8900    50    0.068199     22105       13232      4      
9000    50    0.0689     13775       4764      4      
9100    50    0.0614     16958       7876      4      
9200    50    0.093899     25643       14383      4      
9300    50    0.029301     12820       3564      4      
9400    50    0.090301     23618       14185      4      
9500    50    0.0175     10891       1215      4      
9600    50    0.0306     12026       2427      4      
9700    50    0.017501     10088       367      4      
9800    50    0.0775     17907       7633      4      
9900    50    0.242499     22851       12788      4      
10000    50    0.0755     26263       16168      4      
