100    50    0.0043     458       336      36      
200    50    0.0036     466       205      36      
300    50    0.0041     652       360      36      
400    50    0.0036     921       183      36      
500    50    0.0078     1536       942      36      
600    50    0.0105     2909       2156      36      
700    50    0.009401     2147       1090      36      
800    50    0.0186     1141       324      36      
900    50    0.024401     2383       1483      36      
1000    50    0.0162     2672       1619      36      
1100    50    0.009999     2936       1858      36      
1200    50    0.009001     3153       703      36      
1300    50    0.0274     2316       957      36      
1400    50    0.012701     2777       1368      36      
1500    50    0.028001     2811       1285      36      
1600    50    0.0153     5051       3063      36      
1700    50    0.011999     2657       768      36      
1800    50    0.0136     4051       1851      36      
1900    50    0.0188     4310       2409      36      
2000    50    0.0301     4121       2040      36      
2100    50    0.019901     4324       2257      36      
2200    50    0.0145     3557       1209      36      
2300    50    0.005299     2385       114      36      
2400    50    0.0307     3553       1037      36      
2500    50    0.023601     4763       2317      36      
2600    50    0.0119     3435       771      36      
2700    50    0.0469     7805       4840      36      
2800    50    0.0218     5893       3015      36      
2900    50    0.0216     5988       3147      36      
3000    50    0.0298     8956       5339      36      
3100    50    0.047899     6709       3546      36      
3200    50    0.018899     5291       2057      36      
3300    50    0.033999     5938       2662      36      
3400    50    0.0071     3811       382      36      
3500    50    0.0107     4093       521      36      
3600    50    0.0459     9270       5623      36      
3700    50    0.0194     6197       2435      36      
3800    50    0.0229     6574       2724      36      
3900    50    0.015     5051       1084      36      
4000    50    0.0606     13668       9678      36      
4100    50    0.0659     8818       4094      36      
4200    50    0.021899     7224       2700      36      
4300    50    0.024101     6185       1590      36      
4400    50    0.0561     10654       6118      36      
4500    50    0.0073     5015       414      36      
4600    50    0.027     7408       2794      36      
4700    50    0.049101     10267       5484      36      
4800    50    0.009899     5409       608      36      
4900    50    0.0667     14760       9807      36      
5000    50    0.0682     18548       13545      36      
5100    50    0.0452     15762       10507      36      
5200    50    0.110099     9780       4520      36      
5300    50    0.052299     10373       5088      36      
5400    50    0.0522     10409       4992      36      
5500    50    0.0398     13930       8377      36      
5600    50    0.079201     15914       10127      36      
5700    50    0.0453     10761       4985      36      
5800    50    0.0688     18779       10618      36      
5900    50    0.027901     8747       2705      36      
6000    50    0.0413     8040       2029      36      
6100    50    0.088     19436       13194      36      
6200    50    0.0165     7152       923      36      
6300    50    0.0433     15277       8976      36      
6400    50    0.1067     17629       11252      36      
6500    50    0.0887     17951       11398      36      
6600    50    0.0327     13128       6381      36      
6700    50    0.0904     22879       16161      36      
6800    50    0.055201     19039       12217      36      
6900    50    0.0714     17756       10797      36      
7000    50    0.078     10644       3516      36      
7100    50    0.1137     19380       11374      36      
7200    50    0.081601     19099       11897      36      
7300    50    0.0558     16230       8718      36      
7400    50    0.108399     14485       6961      36      
7500    50    0.025399     10848       3311      36      
7600    50    0.026     10091       2475      36      
7700    50    0.043499     19500       11711      36      
7800    50    0.073099     20012       11992      36      
7900    50    0.0161     9105       1132      36      
8000    50    0.069     25549       16961      36      
8100    50    0.0933     18420       9138      36      
8200    50    0.0461     19298       11000      36      
8300    50    0.0287     9872       1617      36      
8400    50    0.087401     15689       7286      36      
8500    50    0.0811     28929       20146      36      
8600    50    0.0602     18290       9626      36      
8700    50    0.0115     9586       921      36      
8800    50    0.0749     25713       16809      36      
8900    50    0.130801     53631       43179      36      
9000    50    0.0099     9438       344      36      
9100    50    0.036701     10376       1204      36      
9200    50    0.1494     20075       10794      36      
9300    50    0.011399     9982       589      36      
9400    50    0.0407     11065       1386      36      
9500    50    0.0154     10843       1124      36      
9600    50    0.0499     17461       7924      36      
9700    50    0.0459     13706       3645      36      
9800    50    0.067599     19123       9348      36      
9900    50    0.1065     39032       29145      36      
10000    50    0.0508     14323       4283      36      
