100    50    0.0058     160       67      21      
200    50    0.003501     535       159      21      
300    50    0.0054     1172       920      21      
400    50    0.0038     919       225      21      
500    50    0.005101     1297       836      21      
600    50    0.0059     1769       945      21      
700    50    0.0045     905       214      21      
800    50    0.0121     1734       928      21      
900    50    0.023699     1575       495      21      
1000    50    0.006601     2244       1267      21      
1100    50    0.0086     1588       494      21      
1200    50    0.0198     3891       2450      21      
1300    50    0.0121     3475       2015      21      
1400    50    0.0072     1963       569      21      
1500    50    0.007201     2102       651      21      
1600    50    0.0213     3276       1656      21      
1700    50    0.0192     1968       219      21      
1800    50    0.0092     2571       727      21      
1900    50    0.0194     4635       2309      21      
2000    50    0.0164     4773       2799      21      
2100    50    0.0335     5296       2608      21      
2200    50    0.081201     8348       5996      21      
2300    50    0.023799     5323       3082      21      
2400    50    0.016     4555       2071      21      
2500    50    0.017201     5811       3171      21      
2600    50    0.039999     5292       2651      21      
2700    50    0.0519     9040       6011      21      
2800    50    0.008     3482       637      21      
2900    50    0.0365     5982       3088      21      
3000    50    0.017501     4814       1236      21      
3100    50    0.0331     4557       1461      21      
3200    50    0.0221     5747       2460      21      
3300    50    0.0224     5884       2606      21      
3400    50    0.0362     10526       6540      21      
3500    50    0.0282     10078       3900      21      
3600    50    0.0073     4450       852      21      
3700    50    0.024701     9604       5737      21      
3800    50    0.019301     7659       3867      21      
3900    50    0.005899     4254       304      21      
4000    50    0.0222     7386       3336      21      
4100    50    0.033799     14870       10244      21      
4200    50    0.0127     4970       797      21      
4300    50    0.0543     11002       5695      21      
4400    50    0.048701     8390       3871      21      
4500    50    0.019101     6088       1524      21      
4600    50    0.050399     9758       4145      21      
4700    50    0.0631     12867       7917      21      
4800    50    0.0293     7485       2734      21      
4900    50    0.0619     9560       4635      21      
5000    50    0.053     13221       7787      21      
5100    50    0.061999     15489       10387      21      
5200    50    0.0314     9193       3417      21      
5300    50    0.0126     6375       1037      21      
5400    50    0.0268     7922       2366      21      
5500    50    0.0558     12062       5433      21      
5600    50    0.051101     13221       5313      21      
5700    50    0.027199     7726       1951      21      
5800    50    0.1073     15894       10040      21      
5900    50    0.043101     8813       2785      21      
6000    50    0.0638     12707       6489      21      
6100    50    0.0103     6463       222      21      
6200    50    0.054     16148       9715      21      
6300    50    0.0886     20455       12275      21      
6400    50    0.039399     14324       7752      21      
6500    50    0.015501     7880       1338      21      
6600    50    0.0311     6931       355      21      
6700    50    0.072399     12454       5608      21      
6800    50    0.0328     10013       3194      21      
6900    50    0.025801     10288       3117      21      
7000    50    0.052299     14004       6419      21      
7100    50    0.0344     8373       1222      21      
7200    50    0.060601     17169       9849      21      
7300    50    0.020301     9565       2121      21      
7400    50    0.064099     10978       3542      21      
7500    50    0.1272     14976       6561      21      
7600    50    0.037101     10691       3119      21      
7700    50    0.0619     16767       8951      21      
7800    50    0.0704     16630       8474      21      
7900    50    0.040399     13031       4366      21      
8000    50    0.0433     12532       4558      21      
8100    50    0.0292     9862       1773      21      
8200    50    0.0688     17735       9370      21      
8300    50    0.039     17756       9359      21      
8400    50    0.1138     16816       7958      21      
8500    50    0.052101     13492       4977      21      
8600    50    0.0259     11807       2756      21      
8700    50    0.0872     23061       13505      21      
8800    50    0.0653     20435       10982      21      
8900    50    0.056799     17587       8136      21      
9000    50    0.035501     11418       2409      21      
9100    50    0.0641     21582       12411      21      
9200    50    0.056999     18678       9198      21      
9300    50    0.0519     14002       4592      21      
9400    50    0.0163     10860       1457      21      
9500    50    0.0467     22380       12880      21      
9600    50    0.0809     25297       15631      21      
9700    50    0.033901     12736       2984      21      
9800    50    0.0847     23417       13380      21      
9900    50    0.1204     24943       15068      21      
10000    50    0.04     13742       3677      21      
