100    50    0.0031     359       221      97      
200    50    0.0186     642       339      97      
300    50    0.0048     735       384      97      
400    50    0.004299     990       122      97      
500    50    0.0063     877       366      97      
600    50    0.0078     1571       992      97      
700    50    0.0116     1733       998      97      
800    50    0.006199     1997       347      97      
900    50    0.0235     2353       1225      97      
1000    50    0.0108     2071       931      97      
1100    50    0.0085     1798       724      97      
1200    50    0.006001     2424       1209      97      
1300    50    0.0149     4705       3386      97      
1400    50    0.0126     2935       1459      97      
1500    50    0.0218     2150       547      97      
1600    50    0.0229     2311       631      97      
1700    50    0.0103     2447       793      97      
1800    50    0.0183     4820       3063      97      
1900    50    0.009799     2580       596      97      
2000    50    0.016     4706       2456      97      
2100    50    0.0165     3550       1420      97      
2200    50    0.035001     4768       2448      97      
2300    50    0.0338     7500       5229      97      
2400    50    0.0348     4196       1725      97      
2500    50    0.0162     4599       1995      97      
2600    50    0.0449     5679       2969      97      
2700    50    0.0247     5729       3007      97      
2800    50    0.0268     5254       2513      97      
2900    50    0.049299     7058       4221      97      
3000    50    0.047701     7161       4156      97      
3100    50    0.0175     5184       1720      97      
3200    50    0.0463     7359       3998      97      
3300    50    0.048901     8855       5513      97      
3400    50    0.027199     6951       3365      97      
3500    50    0.0436     8764       5230      97      
3600    50    0.060201     8892       5292      97      
3700    50    0.0168     5753       2008      97      
3800    50    0.035     8853       5005      97      
3900    50    0.096301     18395       14059      97      
4000    50    0.049799     12403       8460      97      
4100    50    0.012901     5413       1041      97      
4200    50    0.0863     13464       9170      97      
4300    50    0.0156     5747       1171      97      
4400    50    0.066199     10574       6145      97      
4500    50    0.0705     11664       7099      97      
4600    50    0.031599     13094       8272      97      
4700    50    0.0492     13734       8904      97      
4800    50    0.0342     5539       738      97      
4900    50    0.055     10720       5694      97      
5000    50    0.0139     6199       1201      97      
5100    50    0.028599     7827       2538      97      
5200    50    0.052501     11511       6276      97      
5300    50    0.0213     7422       1868      97      
5400    50    0.0168     7018       1623      97      
5500    50    0.059401     16426       10812      97      
5600    50    0.0311     9304       3619      97      
5700    50    0.0307     8633       2118      97      
5800    50    0.0845     12349       6246      97      
5900    50    0.082101     20336       14394      97      
6000    50    0.0709     14962       8922      97      
6100    50    0.037401     13705       6886      97      
6200    50    0.027201     8013       1750      97      
6300    50    0.046301     17010       9754      97      
6400    50    0.051601     15628       8825      97      
6500    50    0.034501     10159       3718      97      
6600    50    0.087399     18467       11753      97      
6700    50    0.0276     9023       2274      97      
6800    50    0.057999     16894       10042      97      
6900    50    0.0563     8272       1320      97      
7000    50    0.0532     13739       6773      97      
7100    50    0.0093     7685       499      97      
7200    50    0.1041     13421       6088      97      
7300    50    0.040199     11265       3929      97      
7400    50    0.0773     13059       5405      97      
7500    50    0.0187     11014       2676      97      
7600    50    0.071899     13399       5742      97      
7700    50    0.0568     16896       8553      97      
7800    50    0.0267     10351       2390      97      
7900    50    0.009     8160       226      97      
8000    50    0.051     18006       9852      97      
8100    50    0.0792     19656       11551      97      
8200    50    0.109899     27368       19072      97      
8300    50    0.110901     14799       6558      97      
8400    50    0.0565     15934       7513      97      
8500    50    0.0845     15911       7199      97      
8600    50    0.076499     25091       16471      97      
8700    50    0.0417     13894       5201      97      
8800    50    0.089099     15603       5548      97      
8900    50    0.038     11619       2751      97      
9000    50    0.0334     12547       3535      97      
9100    50    0.111701     47460       37998      97      
9200    50    0.041599     14235       4976      97      
9300    50    0.0145     9893       341      97      
9400    50    0.0634     20352       10736      97      
9500    50    0.040701     11507       1976      97      
9600    50    0.0603     16370       6684      97      
9700    50    0.0688     22908       13071      97      
9800    50    0.117401     18524       8110      97      
9900    50    0.0852     32007       21986      97      
10000    50    0.0344     13687       3560      97      
