100    50    0.002799     258       110      100      
200    50    0.003401     336       165      100      
300    50    0.004201     747       474      100      
400    50    0.003     614       228      100      
500    50    0.0073     2878       1324      100      
600    50    0.0031     1345       128      100      
700    50    0.0074     1174       310      100      
800    50    0.005199     1206       406      100      
900    50    0.0065     2145       1124      100      
1000    50    0.010801     2046       1068      100      
1100    50    0.0089     1697       574      100      
1200    50    0.0134     3445       2168      100      
1300    50    0.0076     2111       471      100      
1400    50    0.0117     2797       1390      100      
1500    50    0.0155     4043       2560      100      
1600    50    0.008     2115       449      100      
1700    50    0.0178     3119       1269      100      
1800    50    0.0079     2272       470      100      
1900    50    0.007999     2427       579      100      
2000    50    0.013301     3196       1174      100      
2100    50    0.0096     2678       616      100      
2200    50    0.0124     3211       1040      100      
2300    50    0.039501     6252       3923      100      
2400    50    0.0153     5217       2812      100      
2500    50    0.035     7396       4653      100      
2600    50    0.0264     5792       2884      100      
2700    50    0.049201     9161       6368      100      
2800    50    0.046399     9778       6861      100      
2900    50    0.0463     7547       4705      100      
3000    50    0.043401     7540       4561      100      
3100    50    0.0313     8818       5508      100      
3200    50    0.037     5836       2444      100      
3300    50    0.0279     6077       2777      100      
3400    50    0.0291     8662       5266      100      
3500    50    0.0424     7518       3488      100      
3600    50    0.040299     10117       6530      100      
3700    50    0.0242     8137       4453      100      
3800    50    0.01     4537       693      100      
3900    50    0.027699     7154       3311      100      
4000    50    0.035099     8496       4270      100      
4100    50    0.0438     8457       4320      100      
4200    50    0.0442     6786       2460      100      
4300    50    0.0588     15587       7003      100      
4400    50    0.0288     5957       1547      100      
4500    50    0.056699     10268       5610      100      
4600    50    0.0374     8825       4130      100      
4700    50    0.0705     11270       6499      100      
4800    50    0.020199     6273       1327      100      
4900    50    0.0398     8979       4003      100      
5000    50    0.027299     6401       1109      100      
5100    50    0.0442     13136       7686      100      
5200    50    0.0164     6382       1211      100      
5300    50    0.070399     16521       11097      100      
5400    50    0.0243     8291       2954      100      
5500    50    0.149801     11322       5487      100      
5600    50    0.0568     22376       16447      100      
5700    50    0.0521     19786       13970      100      
5800    50    0.025899     8119       2199      100      
5900    50    0.044099     11571       4877      100      
6000    50    0.054099     12145       6001      100      
6100    50    0.0877     10801       4069      100      
6200    50    0.0261     9300       2971      100      
6300    50    0.0381     12487       6077      100      
6400    50    0.0405     10462       4076      100      
6500    50    0.0402     12180       5588      100      
6600    50    0.0815     13388       6819      100      
6700    50    0.0074     6966       295      100      
6800    50    0.0191     8890       1980      100      
6900    50    0.117399     21397       14435      100      
7000    50    0.0378     14355       7299      100      
7100    50    0.0534     15227       7754      100      
7200    50    0.0464     15149       7925      100      
7300    50    0.051001     13563       3231      100      
7400    50    0.0305     10635       2997      100      
7500    50    0.0819     35147       27127      100      
7600    50    0.0342     11026       3331      100      
7700    50    0.074899     17219       9558      100      
7800    50    0.043599     12884       5026      100      
7900    50    0.117699     23455       15440      100      
8000    50    0.0375     14348       6273      100      
8100    50    0.0383     12927       4564      100      
8200    50    0.1298     24903       15353      100      
8300    50    0.1572     18790       10419      100      
8400    50    0.0479     19050       10556      100      
8500    50    0.1369     24029       15051      100      
8600    50    0.0441     13796       5151      100      
8700    50    0.0388     12213       3480      100      
8800    50    0.063     16924       7837      100      
8900    50    0.0936     14559       5671      100      
9000    50    0.0823     26680       17691      100      
9100    50    0.0719     21124       11996      100      
9200    50    0.0198     10936       1631      100      
9300    50    0.1065     45540       35736      100      
9400    50    0.0747     20261       10574      100      
9500    50    0.028701     13332       3754      100      
9600    50    0.089101     24145       13990      100      
9700    50    0.0228     11699       1960      100      
9800    50    0.0743     29851       19890      100      
9900    50    0.109899     34063       23951      100      
10000    50    0.1088     30179       20175      100      
