100    50    0.0042     325       115      40      
200    50    0.0036     542       348      40      
300    50    0.005799     865       520      40      
400    50    0.0043     706       292      40      
500    50    0.006101     1268       757      40      
600    50    0.0069     1793       1157      40      
700    50    0.013401     2674       1649      40      
800    50    0.006601     1238       372      40      
900    50    0.009299     1670       686      40      
1000    50    0.0209     1623       504      40      
1100    50    0.010699     2602       1490      40      
1200    50    0.008499     1934       680      40      
1300    50    0.0129     3023       1702      40      
1400    50    0.0132     3214       1763      40      
1500    50    0.0041     1772       210      40      
1600    50    0.009     2384       787      40      
1700    50    0.0391     5454       3578      40      
1800    50    0.0138     4648       2859      40      
1900    50    0.0164     3894       1921      40      
2000    50    0.016201     4058       1876      40      
2100    50    0.026     5543       3268      40      
2200    50    0.0149     3708       1409      40      
2300    50    0.0345     4037       1736      40      
2400    50    0.0523     6516       4101      40      
2500    50    0.0201     4224       1698      40      
2600    50    0.0424     5077       2283      40      
2700    50    0.0499     9812       6456      40      
2800    50    0.032301     9205       3298      40      
2900    50    0.0127     3972       1073      40      
3000    50    0.028601     7099       4104      40      
3100    50    0.0956     9108       6011      40      
3200    50    0.0051     3377       150      40      
3300    50    0.0482     11187       7793      40      
3400    50    0.0342     4874       1531      40      
3500    50    0.050899     6278       2599      40      
3600    50    0.0238     7295       3742      40      
3700    50    0.0217     5739       2062      40      
3800    50    0.0304     7412       3385      40      
3900    50    0.0386     9672       5731      40      
4000    50    0.0142     5116       1067      40      
4100    50    0.0407     9022       3982      40      
4200    50    0.0436     12999       8445      40      
4300    50    0.0079     4558       213      40      
4400    50    0.0683     13872       9194      40      
4500    50    0.0836     16591       12094      40      
4600    50    0.064001     7714       3081      40      
4700    50    0.0177     5862       1118      40      
4800    50    0.0194     6067       1211      40      
4900    50    0.0355     7803       1653      40      
5000    50    0.071399     10128       5099      40      
5100    50    0.0268     9131       3989      40      
5200    50    0.033901     7857       2656      40      
5300    50    0.0397     8877       3543      40      
5400    50    0.055399     11498       6058      40      
5500    50    0.0191     7791       2326      40      
5600    50    0.0816     17575       11708      40      
5700    50    0.055101     18402       12447      40      
5800    50    0.080699     18974       13057      40      
5900    50    0.0718     16275       10301      40      
6000    50    0.0743     14569       8556      40      
6100    50    0.081999     12316       5815      40      
6200    50    0.0187     9149       2790      40      
6300    50    0.0501     13668       7350      40      
6400    50    0.049599     9980       3580      40      
6500    50    0.0423     14865       7111      40      
6600    50    0.0821     11265       4645      40      
6700    50    0.066101     11846       5114      40      
6800    50    0.0321     10138       3250      40      
6900    50    0.0257     9478       2493      40      
7000    50    0.055799     13945       6847      40      
7100    50    0.066501     23598       16387      40      
7200    50    0.064301     16691       9440      40      
7300    50    0.059399     13955       6512      40      
7400    50    0.1013     20140       12497      40      
7500    50    0.012701     8115       560      40      
7600    50    0.0343     14478       4562      40      
7700    50    0.0212     10966       2383      40      
7800    50    0.062501     20341       10765      40      
7900    50    0.025601     10781       2612      40      
8000    50    0.0595     22556       14505      40      
8100    50    0.0916     22039       10011      40      
8200    50    0.074     21877       12376      40      
8300    50    0.089599     16106       7793      40      
8400    50    0.065401     15427       6947      40      
8500    50    0.0527     18702       10043      40      
8600    50    0.0685     19473       10519      40      
8700    50    0.1905     25756       16976      40      
8800    50    0.040901     13909       5055      40      
8900    50    0.063799     14092       4999      40      
9000    50    0.098     21426       12090      40      
9100    50    0.0469     12911       3801      40      
9200    50    0.0375     12951       3710      40      
9300    50    0.0829     25860       16500      40      
9400    50    0.1133     21215       11686      40      
9500    50    0.0487     26813       17144      40      
9600    50    0.0154     10341       642      40      
9700    50    0.048     13103       3301      40      
9800    50    0.0777     22248       10946      40      
9900    50    0.0528     15704       5863      40      
10000    50    0.042501     15581       5586      40      
