100    50    0.001899     248       107      73      
200    50    0.004401     1018       464      73      
300    50    0.0055     1053       361      73      
400    50    0.0028     828       124      73      
500    50    0.005299     860       415      73      
600    50    0.0064     1180       445      73      
700    50    0.0251     1804       1101      73      
800    50    0.0085     1777       697      73      
900    50    0.0034     1078       207      73      
1000    50    0.010999     2258       1123      73      
1100    50    0.0054     1792       601      73      
1200    50    0.0229     2174       952      73      
1300    50    0.0097     4498       3255      73      
1400    50    0.0034     1521       114      73      
1500    50    0.0152     3228       1707      73      
1600    50    0.004401     1880       253      73      
1700    50    0.0176     4442       2660      73      
1800    50    0.010899     2790       929      73      
1900    50    0.0155     3632       1706      73      
2000    50    0.0191     3258       1154      73      
2100    50    0.039     4371       2280      73      
2200    50    0.0436     5792       3518      73      
2300    50    0.0529     4024       1702      73      
2400    50    0.025099     2676       168      73      
2500    50    0.0482     8178       5538      73      
2600    50    0.008799     3219       460      73      
2700    50    0.0475     4818       2034      73      
2800    50    0.0522     5938       3075      73      
2900    50    0.0655     10908       7930      73      
3000    50    0.0116     4585       1124      73      
3100    50    0.032     10785       7589      73      
3200    50    0.0654     7842       4348      73      
3300    50    0.029601     9843       6486      73      
3400    50    0.01     4635       687      73      
3500    50    0.020501     6902       3358      73      
3600    50    0.043599     7849       4197      73      
3700    50    0.04     11983       8226      73      
3800    50    0.027699     7356       3032      73      
3900    50    0.034899     6529       2417      73      
4000    50    0.0425     8917       1000      73      
4100    50    0.0217     7469       3315      73      
4200    50    0.065101     12303       7804      73      
4300    50    0.057801     11747       7372      73      
4400    50    0.0437     10559       6055      73      
4500    50    0.034799     10130       5194      73      
4600    50    0.0606     21140       12854      73      
4700    50    0.019799     6455       1749      73      
4800    50    0.0436     12539       2851      73      
4900    50    0.0611     10381       5453      73      
5000    50    0.0183     6483       1412      73      
5100    50    0.0588     12091       6861      73      
5200    50    0.0738     13741       8480      73      
5300    50    0.014301     7149       1636      73      
5400    50    0.0445     9254       3773      73      
5500    50    0.0394     11169       5437      73      
5600    50    0.032199     8206       2436      73      
5700    50    0.0205     7783       1943      73      
5800    50    0.081799     19635       13825      73      
5900    50    0.035401     8614       2646      73      
6000    50    0.036399     12797       5495      73      
6100    50    0.0452     10255       4119      73      
6200    50    0.013999     7228       811      73      
6300    50    0.022099     10452       4019      73      
6400    50    0.063401     12771       6146      73      
6500    50    0.0422     12544       5802      73      
6600    50    0.0448     11199       4543      73      
6700    50    0.0635     15857       8534      73      
6800    50    0.052301     13153       6293      73      
6900    50    0.0457     10887       3679      73      
7000    50    0.1148     23439       16361      73      
7100    50    0.0226     15195       7539      73      
7200    50    0.058901     10882       3138      73      
7300    50    0.078701     19585       12206      73      
7400    50    0.0834     16303       8688      73      
7500    50    0.007     7669       122      73      
7600    50    0.062301     24667       14667      73      
7700    50    0.0915     16324       8474      73      
7800    50    0.0538     18304       10161      73      
7900    50    0.0814     27789       19790      73      
8000    50    0.0214     10082       1912      73      
8100    50    0.075099     18924       10705      73      
8200    50    0.0271     13415       5073      73      
8300    50    0.039     10528       2095      73      
8400    50    0.0374     17668       9297      73      
8500    50    0.027099     10680       1989      73      
8600    50    0.056401     18995       10234      73      
8700    50    0.029201     14027       3926      73      
8800    50    0.0584     16570       7514      73      
8900    50    0.085599     21118       12144      73      
9000    50    0.0684     21643       12527      73      
9100    50    0.0694     18515       9187      73      
9200    50    0.0519     29581       20376      73      
9300    50    0.040599     15090       5000      73      
9400    50    0.0842     12296       2836      73      
9500    50    0.087     18430       8972      73      
9600    50    0.121401     33251       23128      73      
9700    50    0.049299     23479       4152      73      
9800    50    0.0572     20348       10441      73      
9900    50    0.116501     19126       8912      73      
10000    50    0.0718     21484       11493      73      
