100    50    0.003599     240       158      51      
200    50    0.002701     582       111      51      
300    50    0.008     975       472      51      
400    50    0.0039     972       221      51      
500    50    0.0027     633       125      51      
600    50    0.008     1742       643      51      
700    50    0.0072     1505       732      51      
800    50    0.009199     1286       455      51      
900    50    0.0082     1804       869      51      
1000    50    0.0223     3209       1184      51      
1100    50    0.0049     1347       241      51      
1200    50    0.009001     2169       947      51      
1300    50    0.028201     3763       2473      51      
1400    50    0.0229     3298       1661      51      
1500    50    0.0099     2685       1224      51      
1600    50    0.006999     1983       405      51      
1700    50    0.002701     1774       109      51      
1800    50    0.018101     3128       1349      51      
1900    50    0.018201     6585       4643      51      
2000    50    0.0053     2263       200      51      
2100    50    0.028001     8554       5998      51      
2200    50    0.040601     8362       5841      51      
2300    50    0.0224     6562       2734      51      
2400    50    0.0258     5642       3182      51      
2500    50    0.004901     2746       303      51      
2600    50    0.017     5752       3129      51      
2700    50    0.0304     7856       5153      51      
2800    50    0.045201     7936       5087      51      
2900    50    0.0378     5588       2394      51      
3000    50    0.057001     11113       6886      51      
3100    50    0.0164     4748       1696      51      
3200    50    0.0311     4474       1305      51      
3300    50    0.0301     4215       942      51      
3400    50    0.033401     9014       5578      51      
3500    50    0.047     5693       2160      51      
3600    50    0.0264     7355       3672      51      
3700    50    0.013499     5077       1254      51      
3800    50    0.025599     9806       5881      51      
3900    50    0.066001     8565       4488      51      
4000    50    0.0091     4995       831      51      
4100    50    0.059099     9973       5702      51      
4200    50    0.0366     13305       8579      51      
4300    50    0.030501     6715       2228      51      
4400    50    0.0158     5143       745      51      
4500    50    0.0144     5559       935      51      
4600    50    0.0287     10013       5117      51      
4700    50    0.0474     13013       8119      51      
4800    50    0.0708     13992       9162      51      
4900    50    0.061     11827       6101      51      
5000    50    0.0565     18650       13582      51      
5100    50    0.0568     11635       6568      51      
5200    50    0.0614     12280       7045      51      
5300    50    0.0435     10505       5202      51      
5400    50    0.041101     12374       6924      51      
5500    50    0.0379     9176       3434      51      
5600    50    0.0647     15217       9429      51      
5700    50    0.0319     10837       5128      51      
5800    50    0.036401     7483       1600      51      
5900    50    0.0088     6143       248      51      
6000    50    0.043501     8368       2182      51      
6100    50    0.0841     14282       8095      51      
6200    50    0.0075     6484       256      51      
6300    50    0.0515     14825       8471      51      
6400    50    0.0185     8254       1766      51      
6500    50    0.027799     9803       3220      51      
6600    50    0.023     8896       2261      51      
6700    50    0.078499     16947       10231      51      
6800    50    0.0737     16105       9230      51      
6900    50    0.072401     16513       9563      51      
7000    50    0.0604     12978       5974      51      
7100    50    0.017401     9186       1375      51      
7200    50    0.106     21797       13403      51      
7300    50    0.0523     14830       7518      51      
7400    50    0.026499     9043       1587      51      
7500    50    0.059001     18225       10623      51      
7600    50    0.057299     18646       10366      51      
7700    50    0.1884     23596       15707      51      
7800    50    0.017901     8878       1044      51      
7900    50    0.0295     11056       3033      51      
8000    50    0.0341     11876       3865      51      
8100    50    0.070299     17529       9389      51      
8200    50    0.053     14037       5738      51      
8300    50    0.0694     14103       5725      51      
8400    50    0.0363     12563       4087      51      
8500    50    0.127     29352       20402      51      
8600    50    0.056399     14640       6041      51      
8700    50    0.0769     25340       16470      51      
8800    50    0.068     19376       10582      51      
8900    50    0.0757     21595       12602      51      
9000    50    0.032801     12860       3746      51      
9100    50    0.012601     9616       533      51      
9200    50    0.0465     16376       7111      51      
9300    50    0.093     24972       15591      51      
9400    50    0.018501     10406       977      51      
9500    50    0.103201     24596       15084      51      
9600    50    0.0676     16632       6865      51      
9700    50    0.100299     28475       12588      51      
9800    50    0.0624     14703       4741      51      
9900    50    0.0851     29914       19935      51      
10000    50    0.1163     37862       27724      51      
