100    50    0.0023     230       93      67      
200    50    0.004499     791       475      67      
300    50    0.004501     744       314      67      
400    50    0.0065     1145       762      67      
500    50    0.0063     2188       898      67      
600    50    0.0056     975       327      67      
700    50    0.0085     1252       524      67      
800    50    0.0069     1455       626      67      
900    50    0.0075     2890       1969      67      
1000    50    0.005501     1200       248      67      
1100    50    0.009899     2765       1627      67      
1200    50    0.0104     2585       1139      67      
1300    50    0.009699     2014       525      67      
1400    50    0.021901     4565       3206      67      
1500    50    0.0065     2162       617      67      
1600    50    0.019     6721       4974      67      
1700    50    0.0356     6897       4709      67      
1800    50    0.003701     1924       177      67      
1900    50    0.0193     5763       3834      67      
2000    50    0.011901     4159       2199      67      
2100    50    0.0199     2687       457      67      
2200    50    0.020701     4625       2016      67      
2300    50    0.048099     6925       4168      67      
2400    50    0.025     4878       2502      67      
2500    50    0.012099     3576       1086      67      
2600    50    0.0331     4157       1362      67      
2700    50    0.0417     6884       4245      67      
2800    50    0.0208     4903       2117      67      
2900    50    0.111201     7374       4436      67      
3000    50    0.0348     7487       4328      67      
3100    50    0.0088     4386       858      67      
3200    50    0.0198     5630       2345      67      
3300    50    0.0487     12378       8898      67      
3400    50    0.0351     11313       7404      67      
3500    50    0.0078     3800       204      67      
3600    50    0.0302     11524       4347      67      
3700    50    0.0354     6207       2518      67      
3800    50    0.1545     8944       5078      67      
3900    50    0.040799     8569       4673      67      
4000    50    0.0299     5657       1623      67      
4100    50    0.050701     12827       8663      67      
4200    50    0.0466     7745       3476      67      
4300    50    0.031999     7971       3667      67      
4400    50    0.0792     7735       3288      67      
4500    50    0.0287     7261       2692      67      
4600    50    0.0128     5282       566      67      
4700    50    0.0146     5942       1175      67      
4800    50    0.029399     8543       3641      67      
4900    50    0.0341     8878       3993      67      
5000    50    0.0923     11116       6066      67      
5100    50    0.0533     13494       8269      67      
5200    50    0.071799     10445       4876      67      
5300    50    0.035901     9120       1987      67      
5400    50    0.0149     7376       1623      67      
5500    50    0.0427     18837       13287      67      
5600    50    0.0748     21429       11011      67      
5700    50    0.078699     18318       9592      67      
5800    50    0.0331     7692       1815      67      
5900    50    0.0667     18061       11970      67      
6000    50    0.067499     12330       5895      67      
6100    50    0.1022     13287       7051      67      
6200    50    0.0569     10245       3956      67      
6300    50    0.0319     11887       5369      67      
6400    50    0.0772     14131       6535      67      
6500    50    0.049899     13735       7198      67      
6600    50    0.0547     14394       7676      67      
6700    50    0.0607     20509       13626      67      
6800    50    0.0713     13352       6577      67      
6900    50    0.131     20484       12738      67      
7000    50    0.0703     17477       9576      67      
7100    50    0.0661     14887       7729      67      
7200    50    0.081401     16187       8984      67      
7300    50    0.032499     9899       2510      67      
7400    50    0.0237     8749       1375      67      
7500    50    0.051801     22057       14333      67      
7600    50    0.081299     24231       15841      67      
7700    50    0.0867     28514       20809      67      
7800    50    0.017101     8895       916      67      
7900    50    0.0673     19430       11089      67      
8000    50    0.0759     23580       15548      67      
8100    50    0.0432     16126       8030      67      
8200    50    0.0459     13479       5195      67      
8300    50    0.077201     14697       6316      67      
8400    50    0.0553     17140       5244      67      
8500    50    0.067301     13363       4835      67      
8600    50    0.051601     15784       7170      67      
8700    50    0.037     12767       3755      67      
8800    50    0.0243     11058       2216      67      
8900    50    0.0841     27873       18996      67      
9000    50    0.0456     13318       4123      67      
9100    50    0.119899     26337       17104      67      
9200    50    0.0697     24486       15140      67      
9300    50    0.0628     24032       14640      67      
9400    50    0.0187     11201       924      67      
9500    50    0.0292     11495       1927      67      
9600    50    0.171999     27332       14938      67      
9700    50    0.0905     31788       21938      67      
9800    50    0.0393     16160       6242      67      
9900    50    0.083701     25461       15552      67      
10000    50    0.1003     32051       21941      67      
