100    50    0.0095     323       224      19      
200    50    0.0024     373       170      19      
300    50    0.0051     1167       593      19      
400    50    0.005999     1228       638      19      
500    50    0.0073     1014       502      19      
600    50    0.0099     2651       1590      19      
700    50    0.0093     1935       1043      19      
800    50    0.0072     1337       350      19      
900    50    0.026699     3746       1590      19      
1000    50    0.010601     2510       1488      19      
1100    50    0.0144     2436       1158      19      
1200    50    0.0149     3592       2121      19      
1300    50    0.0176     3122       1810      19      
1400    50    0.0174     4373       2905      19      
1500    50    0.0296     5039       2582      19      
1600    50    0.0213     2059       451      19      
1700    50    0.0069     2546       684      19      
1800    50    0.0053     1932       142      19      
1900    50    0.017     3392       1537      19      
2000    50    0.029101     6889       4863      19      
2100    50    0.043501     7246       4798      19      
2200    50    0.028999     4994       2798      19      
2300    50    0.017     4050       1646      19      
2400    50    0.008999     3483       717      19      
2500    50    0.0109     3506       1061      19      
2600    50    0.010199     3671       593      19      
2700    50    0.030099     8403       5705      19      
2800    50    0.0378     5337       2141      19      
2900    50    0.0345     4584       1663      19      
3000    50    0.0364     9120       6091      19      
3100    50    0.0409     8852       5650      19      
3200    50    0.012501     4434       1223      19      
3300    50    0.0504     8265       4990      19      
3400    50    0.0099     4243       785      19      
3500    50    0.034699     9830       6374      19      
3600    50    0.025799     8236       4608      19      
3700    50    0.0422     7691       3731      19      
3800    50    0.0301     9225       5273      19      
3900    50    0.0601     12385       8401      19      
4000    50    0.040201     12470       7879      19      
4100    50    0.049301     11230       6988      19      
4200    50    0.0444     10680       6265      19      
4300    50    0.0148     5671       1296      19      
4400    50    0.0385     9620       4764      19      
4500    50    0.0502     8062       3369      19      
4600    50    0.0099     5195       468      19      
4700    50    0.0586     9064       4361      19      
4800    50    0.035899     8883       4117      19      
4900    50    0.0884     13787       8882      19      
5000    50    0.041601     9302       4187      19      
5100    50    0.0554     15213       9961      19      
5200    50    0.0476     12535       7273      19      
5300    50    0.0316     10059       4542      19      
5400    50    0.053901     9097       3701      19      
5500    50    0.0539     11245       5808      19      
5600    50    0.1342     17075       11130      19      
5700    50    0.0613     13922       8214      19      
5800    50    0.0279     7285       873      19      
5900    50    0.059399     14518       8250      19      
6000    50    0.073901     13392       7270      19      
6100    50    0.041899     9985       3291      19      
6200    50    0.036701     10945       4804      19      
6300    50    0.0609     18321       11969      19      
6400    50    0.0333     17265       10854      19      
6500    50    0.0652     9843       3358      19      
6600    50    0.058     14351       7395      19      
6700    50    0.0158     7949       840      19      
6800    50    0.020599     9783       2692      19      
6900    50    0.0693     22273       15110      19      
7000    50    0.042701     10116       3028      19      
7100    50    0.008801     7681       455      19      
7200    50    0.0236     7673       342      19      
7300    50    0.0541     14728       6352      19      
7400    50    0.031901     10817       3333      19      
7500    50    0.0262     9997       2308      19      
7600    50    0.077899     23185       15043      19      
7700    50    0.0377     17526       9671      19      
7800    50    0.045     16480       8741      19      
7900    50    0.057001     15808       7829      19      
8000    50    0.170199     33480       21687      19      
8100    50    0.042601     11743       3459      19      
8200    50    0.090599     26058       17659      19      
8300    50    0.093     14832       6539      19      
8400    50    0.0233     10337       1686      19      
8500    50    0.0582     19877       11356      19      
8600    50    0.071901     21212       12529      19      
8700    50    0.019001     10247       1546      19      
8800    50    0.011401     9501       663      19      
8900    50    0.030301     12311       3378      19      
9000    50    0.1292     18372       9386      19      
9100    50    0.0607     15811       6750      19      
9200    50    0.0377     13571       4389      19      
9300    50    0.066901     32416       22959      19      
9400    50    0.0535     13592       4158      19      
9500    50    0.029     19242       9490      19      
9600    50    0.041899     15057       5331      19      
9700    50    0.1063     20985       10963      19      
9800    50    0.0684     17345       7229      19      
9900    50    0.0686     18392       8403      19      
10000    50    0.0638     21451       11217      19      
