100    50    0.0063     347       198      30      
200    50    0.004101     599       346      30      
300    50    0.0033     654       157      30      
400    50    0.0065     1190       725      30      
500    50    0.0082     1931       1126      30      
600    50    0.008     1459       770      30      
700    50    0.010199     1573       845      30      
800    50    0.0072     1547       772      30      
900    50    0.0284     4206       3272      30      
1000    50    0.0115     1947       973      30      
1100    50    0.0194     4255       3133      30      
1200    50    0.0075     1909       678      30      
1300    50    0.0085     2038       568      30      
1400    50    0.0515     3637       2229      30      
1500    50    0.0358     7173       5468      30      
1600    50    0.036499     7096       4977      30      
1700    50    0.032501     4876       3104      30      
1800    50    0.0148     6224       4372      30      
1900    50    0.0079     2448       562      30      
2000    50    0.013601     3073       1132      30      
2100    50    0.0376     4556       2404      30      
2200    50    0.027201     7580       3758      30      
2300    50    0.1141     10737       7598      30      
2400    50    0.028199     5294       2714      30      
2500    50    0.0299     9791       7295      30      
2600    50    0.0215     2925       326      30      
2700    50    0.036101     5660       2656      30      
2800    50    0.0289     6642       3870      30      
2900    50    0.0234     6368       3412      30      
3000    50    0.0328     9279       6287      30      
3100    50    0.034901     4977       1754      30      
3200    50    0.0197     5486       1943      30      
3300    50    0.0489     6763       3301      30      
3400    50    0.0059     3688       285      30      
3500    50    0.018199     4730       1224      30      
3600    50    0.025801     5858       2235      30      
3700    50    0.0136     5545       1595      30      
3800    50    0.0449     9364       5333      30      
3900    50    0.0482     15637       11798      30      
4000    50    0.0597     8174       4162      30      
4100    50    0.0231     6557       2474      30      
4200    50    0.042099     7137       2806      30      
4300    50    0.046501     9850       5303      30      
4400    50    0.0665     13688       9212      30      
4500    50    0.041401     8401       3818      30      
4600    50    0.0485     10183       5359      30      
4700    50    0.036201     6966       2144      30      
4800    50    0.0104     5607       870      30      
4900    50    0.065701     19883       14139      30      
5000    50    0.040099     13829       8648      30      
5100    50    0.0509     10029       4839      30      
5200    50    0.041201     9367       4149      30      
5300    50    0.0604     13141       7902      30      
5400    50    0.034399     14530       8602      30      
5500    50    0.009299     6483       551      30      
5600    50    0.0175     7195       1329      30      
5700    50    0.0394     17308       11569      30      
5800    50    0.040799     11746       5868      30      
5900    50    0.1183     15271       9267      30      
6000    50    0.070401     12760       6440      30      
6100    50    0.066799     13820       7660      30      
6200    50    0.0521     16841       10513      30      
6300    50    0.0531     17975       11661      30      
6400    50    0.0436     11389       4948      30      
6500    50    0.042601     9583       3056      30      
6600    50    0.0467     13926       5975      30      
6700    50    0.017999     7717       864      30      
6800    50    0.079     25295       18405      30      
6900    50    0.0625     13363       6486      30      
7000    50    0.0706     14591       6855      30      
7100    50    0.0686     9488       1795      30      
7200    50    0.0813     21322       14061      30      
7300    50    0.0347     14959       7255      30      
7400    50    0.0832     22532       15078      30      
7500    50    0.059001     16175       8738      30      
7600    50    0.0829     22172       14471      30      
7700    50    0.0456     11791       4073      30      
7800    50    0.0234     9791       1945      30      
7900    50    0.049501     17884       9834      30      
8000    50    0.062301     23548       15561      30      
8100    50    0.086399     26105       10045      30      
8200    50    0.0689     21818       13311      30      
8300    50    0.0734     17891       9572      30      
8400    50    0.085001     16962       8247      30      
8500    50    0.1448     23893       15354      30      
8600    50    0.0395     16552       7670      30      
8700    50    0.028099     10982       2079      30      
8800    50    0.0305     11819       2990      30      
8900    50    0.0688     15063       5722      30      
9000    50    0.063301     16992       7881      30      
9100    50    0.095     26478       17318      30      
9200    50    0.128299     21714       12518      30      
9300    50    0.0612     16321       6867      30      
9400    50    0.058401     13442       3984      30      
9500    50    0.044701     14943       5275      30      
9600    50    0.0744     30587       20544      30      
9700    50    0.0205     10713       811      30      
9800    50    0.052301     16529       6645      30      
9900    50    0.0855     22548       12649      30      
10000    50    0.071999     21511       11499      30      
