100    50    0.0025     353       154      92      
200    50    0.005399     806       444      92      
300    50    0.005701     912       532      92      
400    50    0.0052     961       538      92      
500    50    0.008401     1945       1070      92      
600    50    0.0067     1880       1001      92      
700    50    0.0063     1269       372      92      
800    50    0.0069     1721       962      92      
900    50    0.019199     1270       374      92      
1000    50    0.012201     3287       2286      92      
1100    50    0.013201     3466       2277      92      
1200    50    0.026799     2676       1443      92      
1300    50    0.0047     1613       253      92      
1400    50    0.0168     2828       1346      92      
1500    50    0.033199     5840       4330      92      
1600    50    0.0273     2373       649      92      
1700    50    0.0174     4386       2650      92      
1800    50    0.0149     2900       925      92      
1900    50    0.01     2706       815      92      
2000    50    0.012901     4795       2769      92      
2100    50    0.005599     2356       190      92      
2200    50    0.0103     2999       599      92      
2300    50    0.0168     3856       1536      92      
2400    50    0.013701     4559       2167      92      
2500    50    0.0322     10404       5783      92      
2600    50    0.0406     7987       2511      92      
2700    50    0.0482     6978       2918      92      
2800    50    0.0182     4969       1967      92      
2900    50    0.058401     10220       7227      92      
3000    50    0.0372     6683       3639      92      
3100    50    0.015     4455       1310      92      
3200    50    0.0245     6509       3162      92      
3300    50    0.050499     4690       1158      92      
3400    50    0.0264     7764       4319      92      
3500    50    0.0239     10029       6554      92      
3600    50    0.028099     6828       3106      92      
3700    50    0.0554     13317       9587      92      
3800    50    0.046899     9478       4889      92      
3900    50    0.011001     4676       725      92      
4000    50    0.0158     5575       1540      92      
4100    50    0.029     6536       2477      92      
4200    50    0.0303     6929       2493      92      
4300    50    0.059699     12941       8586      92      
4400    50    0.052701     10888       6467      92      
4500    50    0.049     10226       5675      92      
4600    50    0.0301     8382       3407      92      
4700    50    0.0439     7727       2987      92      
4800    50    0.0441     8576       3821      92      
4900    50    0.0464     9605       4453      92      
5000    50    0.0536     15732       10744      92      
5100    50    0.0502     11963       6714      92      
5200    50    0.064     12282       6975      92      
5300    50    0.064301     13387       7781      92      
5400    50    0.037     11705       6346      92      
5500    50    0.0426     12821       6452      92      
5600    50    0.073501     11487       5784      92      
5700    50    0.032099     7710       1727      92      
5800    50    0.0344     7364       1432      92      
5900    50    0.0517     12358       6196      92      
6000    50    0.0389     8091       2078      92      
6100    50    0.049     12488       6388      92      
6200    50    0.037     12475       4557      92      
6300    50    0.0483     15138       8859      92      
6400    50    0.025601     11808       5284      92      
6500    50    0.0401     11982       5511      92      
6600    50    0.0444     14142       7534      92      
6700    50    0.0567     21559       13077      92      
6800    50    0.0771     19006       8730      92      
6900    50    0.0547     17260       9940      92      
7000    50    0.0221     10053       2893      92      
7100    50    0.029701     9948       2662      92      
7200    50    0.0583     15651       7790      92      
7300    50    0.0618     18372       11063      92      
7400    50    0.036101     15082       7651      92      
7500    50    0.0352     13700       6200      92      
7600    50    0.1028     21512       13909      92      
7700    50    0.0897     15804       8125      92      
7800    50    0.0383     18364       2856      92      
7900    50    0.0554     17215       8498      92      
8000    50    0.0645     20980       12570      92      
8100    50    0.0677     20314       11511      92      
8200    50    0.085601     12039       3818      92      
8300    50    0.0632     15285       6694      92      
8400    50    0.086799     22485       14074      92      
8500    50    0.069     18269       9667      92      
8600    50    0.0455     19773       10402      92      
8700    50    0.045     13799       5024      92      
8800    50    0.0212     12758       3075      92      
8900    50    0.062701     15283       6246      92      
9000    50    0.056099     17335       8276      92      
9100    50    0.06     27181       18104      92      
9200    50    0.1116     24007       14721      92      
9300    50    0.0365     12978       3537      92      
9400    50    0.0197     10951       1542      92      
9500    50    0.105399     28739       17935      92      
9600    50    0.0855     18896       9150      92      
9700    50    0.0597     16295       6463      92      
9800    50    0.0836     19435       9637      92      
9900    50    0.046201     15888       5396      92      
10000    50    0.0293     11952       2005      92      
