100    50    0.003499     327       204      70      
200    50    0.003199     413       211      70      
300    50    0.006199     960       647      70      
400    50    0.003901     669       227      70      
500    50    0.0046     1001       552      70      
600    50    0.043499     1821       1117      70      
700    50    0.0072     1238       571      70      
800    50    0.012899     3211       2458      70      
900    50    0.0078     2650       1681      70      
1000    50    0.0147     3465       2516      70      
1100    50    0.01     2266       1034      70      
1200    50    0.0088     2572       1260      70      
1300    50    0.019799     1587       309      70      
1400    50    0.012801     3522       1710      70      
1500    50    0.0078     2245       797      70      
1600    50    0.006     2176       521      70      
1700    50    0.0048     1854       125      70      
1800    50    0.0201     4335       2233      70      
1900    50    0.0121     4516       2555      70      
2000    50    0.0225     5199       3022      70      
2100    50    0.0239     5814       3622      70      
2200    50    0.013099     4759       2493      70      
2300    50    0.0467     7647       5234      70      
2400    50    0.035601     3974       1109      70      
2500    50    0.046199     10332       7868      70      
2600    50    0.031901     4245       1563      70      
2700    50    0.0474     9231       5280      70      
2800    50    0.0633     5478       2686      70      
2900    50    0.0063     3195       343      70      
3000    50    0.0347     4751       1746      70      
3100    50    0.019999     5976       2828      70      
3200    50    0.0212     8384       5051      70      
3300    50    0.036299     7782       4410      70      
3400    50    0.0649     7073       3709      70      
3500    50    0.0393     7775       4180      70      
3600    50    0.052601     8518       4915      70      
3700    50    0.026899     7437       3715      70      
3800    50    0.0432     11185       7334      70      
3900    50    0.0079     4417       524      70      
4000    50    0.043101     11902       7783      70      
4100    50    0.0535     8498       4064      70      
4200    50    0.019299     6074       1779      70      
4300    50    0.034799     8789       4446      70      
4400    50    0.031301     8010       3629      70      
4500    50    0.0324     12476       7936      70      
4600    50    0.052299     9377       4653      70      
4700    50    0.0328     8328       3564      70      
4800    50    0.050099     11399       6559      70      
4900    50    0.066599     13458       8601      70      
5000    50    0.0277     7380       2402      70      
5100    50    0.0394     7846       2511      70      
5200    50    0.0338     8338       3013      70      
5300    50    0.0377     10794       5415      70      
5400    50    0.025201     7418       2024      70      
5500    50    0.0455     13280       7796      70      
5600    50    0.0585     11668       5870      70      
5700    50    0.058199     15139       9463      70      
5800    50    0.040101     11756       5913      70      
5900    50    0.010299     6320       327      70      
6000    50    0.0339     8697       2562      70      
6100    50    0.0339     7299       1174      70      
6200    50    0.032499     10997       4681      70      
6300    50    0.0531     17116       10742      70      
6400    50    0.0395     9243       2819      70      
6500    50    0.036     10530       3747      70      
6600    50    0.0331     9533       2838      70      
6700    50    0.0571     20932       9839      70      
6800    50    0.049899     12007       5047      70      
6900    50    0.0993     15608       8622      70      
7000    50    0.073101     21256       14228      70      
7100    50    0.0394     14291       6983      70      
7200    50    0.0176     9668       2238      70      
7300    50    0.0547     11978       4350      70      
7400    50    0.021401     8813       1214      70      
7500    50    0.051899     16376       8797      70      
7600    50    0.0576     18106       8413      70      
7700    50    0.0093     8077       328      70      
7800    50    0.0766     20404       12519      70      
7900    50    0.0648     24381       16044      70      
8000    50    0.0568     21828       13868      70      
8100    50    0.063899     21436       13164      70      
8200    50    0.016199     9869       1371      70      
8300    50    0.073201     13905       5443      70      
8400    50    0.066701     17471       9019      70      
8500    50    0.0734     13947       5365      70      
8600    50    0.027301     10690       1967      70      
8700    50    0.0498     20758       11817      70      
8800    50    0.0803     26133       17179      70      
8900    50    0.0618     16370       7058      70      
9000    50    0.0531     16602       7204      70      
9100    50    0.088999     23565       14382      70      
9200    50    0.0793     32641       23217      70      
9300    50    0.075599     26362       16951      70      
9400    50    0.0828     22415       13024      70      
9500    50    0.049101     17355       7763      70      
9600    50    0.1141     13827       4111      70      
9700    50    0.080899     35594       24395      70      
9800    50    0.024199     13180       3175      70      
9900    50    0.014099     11161       878      70      
10000    50    0.0437     14716       4428      70      
