100    50    0.0044     414       242      33      
200    50    0.004701     670       475      33      
300    50    0.0042     719       283      33      
400    50    0.0058     1112       558      33      
500    50    0.0069     1081       587      33      
600    50    0.020101     1012       365      33      
700    50    0.008401     1404       445      33      
800    50    0.0086     1325       503      33      
900    50    0.0077     1825       957      33      
1000    50    0.027601     2434       1333      33      
1100    50    0.0146     2673       1378      33      
1200    50    0.012199     4176       2796      33      
1300    50    0.0152     4137       2075      33      
1400    50    0.004901     2955       223      33      
1500    50    0.010699     3070       1443      33      
1600    50    0.013999     4122       2555      33      
1700    50    0.0449     4884       3159      33      
1800    50    0.0156     5197       1664      33      
1900    50    0.010999     4576       2517      33      
2000    50    0.029301     8813       6085      33      
2100    50    0.035999     5272       3156      33      
2200    50    0.043601     6865       4525      33      
2300    50    0.024901     4058       1815      33      
2400    50    0.0395     4202       1520      33      
2500    50    0.021599     5080       2490      33      
2600    50    0.041101     5487       2803      33      
2700    50    0.041401     6675       3683      33      
2800    50    0.0306     9197       6263      33      
2900    50    0.028399     10053       7067      33      
3000    50    0.0235     5179       2102      33      
3100    50    0.0096     3853       748      33      
3200    50    0.0255     7222       3509      33      
3300    50    0.0362     10063       6643      33      
3400    50    0.012     4420       831      33      
3500    50    0.0472     11580       8086      33      
3600    50    0.0094     4531       797      33      
3700    50    0.027     4714       1007      33      
3800    50    0.0216     7705       3927      33      
3900    50    0.0463     10902       3111      33      
4000    50    0.037     8553       4496      33      
4100    50    0.005101     4312       198      33      
4200    50    0.0567     5686       1416      33      
4300    50    0.0376     8033       3329      33      
4400    50    0.049001     7582       3188      33      
4500    50    0.0462     14274       9419      33      
4600    50    0.0225     6825       1493      33      
4700    50    0.0259     6782       2139      33      
4800    50    0.0611     17316       12447      33      
4900    50    0.088901     14228       9139      33      
5000    50    0.0394     8388       3342      33      
5100    50    0.0078     5752       390      33      
5200    50    0.035901     9938       4627      33      
5300    50    0.0461     13428       8145      33      
5400    50    0.058501     15001       9616      33      
5500    50    0.054599     17783       12332      33      
5600    50    0.087399     18706       12560      33      
5700    50    0.0545     15253       9580      33      
5800    50    0.0475     8017       2156      33      
5900    50    0.0437     16346       10446      33      
6000    50    0.0755     12106       6025      33      
6100    50    0.0456     10421       4378      33      
6200    50    0.0723     30055       23183      33      
6300    50    0.038     15404       8630      33      
6400    50    0.0208     8896       2142      33      
6500    50    0.0425     10062       3337      33      
6600    50    0.0542     16631       9884      33      
6700    50    0.126801     25273       11974      33      
6800    50    0.066801     25248       18411      33      
6900    50    0.0667     15645       8654      33      
7000    50    0.0525     10173       3049      33      
7100    50    0.0519     14276       6436      33      
7200    50    0.032599     8765       1468      33      
7300    50    0.0323     10573       3206      33      
7400    50    0.0703     17524       9951      33      
7500    50    0.0451     11591       3951      33      
7600    50    0.0336     12382       4793      33      
7700    50    0.0548     15796       7995      33      
7800    50    0.0343     9742       1616      33      
7900    50    0.0671     20688       12105      33      
8000    50    0.0346     12335       3802      33      
8100    50    0.0296     11210       2777      33      
8200    50    0.066     24639       16360      33      
8300    50    0.056899     16490       8125      33      
8400    50    0.0192     9276       797      33      
8500    50    0.1806     20502       11936      33      
8600    50    0.0258     11338       2775      33      
8700    50    0.027701     11253       2507      33      
8800    50    0.0179     10948       1341      33      
8900    50    0.085199     15801       6668      33      
9000    50    0.082699     23808       14679      33      
9100    50    0.0696     23029       13978      33      
9200    50    0.0897     26838       17502      33      
9300    50    0.142099     22592       13261      33      
9400    50    0.1671     42742       33274      33      
9500    50    0.009599     9884       295      33      
9600    50    0.0492     18771       8108      33      
9700    50    0.0184     10537       712      33      
9800    50    0.014901     11053       1207      33      
9900    50    0.1151     17884       7337      33      
10000    50    0.089599     22936       12759      33      
