100    50    0.002201     274       111      87      
200    50    0.004701     956       582      87      
300    50    0.0045     944       439      87      
400    50    0.004201     783       252      87      
500    50    0.004201     1368       521      87      
600    50    0.006399     1353       593      87      
700    50    0.009299     2068       1053      87      
800    50    0.0075     1668       887      87      
900    50    0.024     2149       866      87      
1000    50    0.0046     1333       378      87      
1100    50    0.010299     2116       1002      87      
1200    50    0.0145     3757       2457      87      
1300    50    0.006     2890       376      87      
1400    50    0.006201     2058       719      87      
1500    50    0.032399     4852       3319      87      
1600    50    0.015601     3964       2374      87      
1700    50    0.0147     3387       1607      87      
1800    50    0.034199     4631       2383      87      
1900    50    0.034201     5416       3504      87      
2000    50    0.0283     3476       1470      87      
2100    50    0.013101     4559       2351      87      
2200    50    0.0851     7043       4549      87      
2300    50    0.0323     4743       2381      87      
2400    50    0.028001     5173       2663      87      
2500    50    0.0245     5380       2826      87      
2600    50    0.0189     4175       1558      87      
2700    50    0.0051     2908       210      87      
2800    50    0.024701     5623       2830      87      
2900    50    0.012899     3985       997      87      
3000    50    0.0116     3851       775      87      
3100    50    0.0271     7225       3982      87      
3200    50    0.047501     8479       5072      87      
3300    50    0.099899     12616       9267      87      
3400    50    0.0227     6628       2473      87      
3500    50    0.008599     4433       659      87      
3600    50    0.035499     11014       7426      87      
3700    50    0.0144     5023       1286      87      
3800    50    0.0481     8253       4390      87      
3900    50    0.065001     17140       13264      87      
4000    50    0.0499     13028       9093      87      
4100    50    0.0645     12887       8679      87      
4200    50    0.047501     10224       5903      87      
4300    50    0.0195     6334       2008      87      
4400    50    0.0821     12079       7711      87      
4500    50    0.046     13920       6815      87      
4600    50    0.008     4993       348      87      
4700    50    0.015     9461       4643      87      
4800    50    0.0556     12310       7421      87      
4900    50    0.0149     5980       1014      87      
5000    50    0.0394     13758       6788      87      
5100    50    0.053     10016       4570      87      
5200    50    0.0452     9841       2401      87      
5300    50    0.0376     8383       2824      87      
5400    50    0.047701     9375       3948      87      
5500    50    0.037501     9885       4378      87      
5600    50    0.0727     20672       9551      87      
5700    50    0.0665     15351       9683      87      
5800    50    0.062     14467       8574      87      
5900    50    0.0589     16855       10865      87      
6000    50    0.089699     12643       6592      87      
6100    50    0.068001     13335       7232      87      
6200    50    0.0611     18232       11978      87      
6300    50    0.012     7238       946      87      
6400    50    0.0075     6488       117      87      
6500    50    0.024299     9331       2676      87      
6600    50    0.0383     11792       4973      87      
6700    50    0.1056     23237       16309      87      
6800    50    0.058101     14111       7181      87      
6900    50    0.050199     19282       5452      87      
7000    50    0.0545     15134       8116      87      
7100    50    0.070799     14869       7676      87      
7200    50    0.0733     12280       4966      87      
7300    50    0.0563     16047       8736      87      
7400    50    0.0703     19748       12353      87      
7500    50    0.0218     15252       7790      87      
7600    50    0.0484     16012       7742      87      
7700    50    0.0399     13695       5802      87      
7800    50    0.0738     19534       10822      87      
7900    50    0.051199     18127       10140      87      
8000    50    0.1067     24730       16487      87      
8100    50    0.0398     12371       3854      87      
8200    50    0.026801     10851       2428      87      
8300    50    0.080499     16938       8477      87      
8400    50    0.0304     16549       8163      87      
8500    50    0.0836     15344       6838      87      
8600    50    0.057399     23337       6216      87      
8700    50    0.0638     18662       8915      87      
8800    50    0.0359     15263       5565      87      
8900    50    0.074999     12737       3782      87      
9000    50    0.013499     9404       407      87      
9100    50    0.049199     21112       12044      87      
9200    50    0.064901     28071       18820      87      
9300    50    0.0253     11659       2259      87      
9400    50    0.042999     15395       5820      87      
9500    50    0.159301     27012       17347      87      
9600    50    0.0674     18058       8381      87      
9700    50    0.018     11003       888      87      
9800    50    0.0459     16950       7024      87      
9900    50    0.0279     13445       3305      87      
10000    50    0.084     14744       4249      87      
