100    50    0.002899     238       149      31      
200    50    0.005201     1230       654      31      
300    50    0.0041     731       438      31      
400    50    0.005     792       399      31      
500    50    0.0225     1663       1082      31      
600    50    0.0041     1414       785      31      
700    50    0.004699     871       148      31      
800    50    0.0072     1347       583      31      
900    50    0.010301     2356       1433      31      
1000    50    0.009001     1937       870      31      
1100    50    0.020499     2939       1670      31      
1200    50    0.005099     1590       350      31      
1300    50    0.0125     3577       2150      31      
1400    50    0.0209     1965       474      31      
1500    50    0.0047     1921       429      31      
1600    50    0.016799     4449       2282      31      
1700    50    0.012501     4449       2717      31      
1800    50    0.005499     2174       231      31      
1900    50    0.0163     4300       2368      31      
2000    50    0.0214     4185       2150      31      
2100    50    0.0471     4939       2698      31      
2200    50    0.041701     6924       4220      31      
2300    50    0.0085     3122       693      31      
2400    50    0.0218     4446       1989      31      
2500    50    0.059301     7582       5100      31      
2600    50    0.0235     5128       2150      31      
2700    50    0.0393     6397       3614      31      
2800    50    0.0173     4505       1701      31      
2900    50    0.033199     5356       2341      31      
3000    50    0.0185     4403       1363      31      
3100    50    0.0345     8201       4999      31      
3200    50    0.0124     4471       1214      31      
3300    50    0.0081     3625       302      31      
3400    50    0.0359     5767       2367      31      
3500    50    0.028399     4399       834      31      
3600    50    0.0292     10976       3770      31      
3700    50    0.014099     5078       1107      31      
3800    50    0.013801     11501       3990      31      
3900    50    0.0442     7955       4012      31      
4000    50    0.0514     12280       7675      31      
4100    50    0.0243     6748       2598      31      
4200    50    0.0176     6506       2305      31      
4300    50    0.0844     18639       14362      31      
4400    50    0.038     7367       2898      31      
4500    50    0.0467     10311       5744      31      
4600    50    0.0154     5839       1204      31      
4700    50    0.0539     12273       7436      31      
4800    50    0.016499     6071       1297      31      
4900    50    0.0489     9695       4790      31      
5000    50    0.0317     9052       4111      31      
5100    50    0.0927     11787       6574      31      
5200    50    0.0528     11068       5807      31      
5300    50    0.062801     15779       10300      31      
5400    50    0.0527     8980       3459      31      
5500    50    0.028     8887       3331      31      
5600    50    0.074699     12906       7269      31      
5700    50    0.0621     13408       7587      31      
5800    50    0.0595     13637       7652      31      
5900    50    0.055801     10934       4999      31      
6000    50    0.0739     15676       9574      31      
6100    50    0.0604     17280       10627      31      
6200    50    0.055199     14355       8127      31      
6300    50    0.05     19808       13498      31      
6400    50    0.1     15520       9028      31      
6500    50    0.017     8090       1519      31      
6600    50    0.0494     8867       2189      31      
6700    50    0.140699     17692       10905      31      
6800    50    0.080401     24817       17494      31      
6900    50    0.0588     12968       5853      31      
7000    50    0.0619     10777       3626      31      
7100    50    0.028601     9991       2620      31      
7200    50    0.0375     14086       6893      31      
7300    50    0.0739     27102       18303      31      
7400    50    0.0343     15151       7727      31      
7500    50    0.056801     14837       7307      31      
7600    50    0.0702     24334       16779      31      
7700    50    0.0397     12719       5072      31      
7800    50    0.0445     13045       5286      31      
7900    50    0.012599     9253       1084      31      
8000    50    0.035699     14092       5755      31      
8100    50    0.1371     24382       16069      31      
8200    50    0.0706     15868       6720      31      
8300    50    0.028801     17957       9475      31      
8400    50    0.086599     19312       10846      31      
8500    50    0.037001     11440       2553      31      
8600    50    0.0486     14343       5675      31      
8700    50    0.102901     13872       5097      31      
8800    50    0.0218     10743       1903      31      
8900    50    0.0158     10440       1404      31      
9000    50    0.0469     13912       4802      31      
9100    50    0.065301     18850       9639      31      
9200    50    0.093001     31481       22259      31      
9300    50    0.0656     18088       8710      31      
9400    50    0.1383     40601       31069      31      
9500    50    0.016199     11038       1474      31      
9600    50    0.027601     11082       1437      31      
9700    50    0.1065     19903       10223      31      
9800    50    0.0464     19100       9280      31      
9900    50    0.0474     15851       5878      31      
10000    50    0.0548     14276       4214      31      
