100    50    0.0028     359       168      55      
200    50    0.003699     570       338      55      
300    50    0.0057     1398       704      55      
400    50    0.0034     629       205      55      
500    50    0.0083     1899       1296      55      
600    50    0.0221     1566       449      55      
700    50    0.006699     1161       259      55      
800    50    0.009699     2199       1373      55      
900    50    0.009401     3034       1351      55      
1000    50    0.0178     1925       810      55      
1100    50    0.0139     2760       1669      55      
1200    50    0.0229     2721       1164      55      
1300    50    0.0033     2638       85      55      
1400    50    0.003801     1532       138      55      
1500    50    0.0357     2994       1451      55      
1600    50    0.022499     2820       1274      55      
1700    50    0.0152     4199       2391      55      
1800    50    0.004599     2085       174      55      
1900    50    0.0181     3924       1937      55      
2000    50    0.016901     4998       3024      55      
2100    50    0.0333     4508       2419      55      
2200    50    0.035     6596       3105      55      
2300    50    0.0835     5446       3130      55      
2400    50    0.0481     7106       4699      55      
2500    50    0.0352     4976       2462      55      
2600    50    0.017299     4067       1324      55      
2700    50    0.049099     7282       4512      55      
2800    50    0.0206     4229       1410      55      
2900    50    0.067501     6235       3327      55      
3000    50    0.021401     4848       1687      55      
3100    50    0.0162     6023       2186      55      
3200    50    0.0062     3542       362      55      
3300    50    0.04     5876       2438      55      
3400    50    0.0135     4670       1207      55      
3500    50    0.025499     9387       5875      55      
3600    50    0.0147     5264       1606      55      
3700    50    0.0158     4759       778      55      
3800    50    0.0081     4433       598      55      
3900    50    0.0085     4307       345      55      
4000    50    0.0278     5421       912      55      
4100    50    0.052     9052       4688      55      
4200    50    0.043901     9520       5047      55      
4300    50    0.0278     7291       2940      55      
4400    50    0.044199     8317       3952      55      
4500    50    0.0535     11401       6883      55      
4600    50    0.093801     12377       7584      55      
4700    50    0.060501     11158       4697      55      
4800    50    0.0083     5360       400      55      
4900    50    0.0458     11115       6200      55      
5000    50    0.031501     7953       2758      55      
5100    50    0.0272     8052       2860      55      
5200    50    0.0146     5933       670      55      
5300    50    0.0508     14491       9053      55      
5400    50    0.0553     14317       8903      55      
5500    50    0.027701     11284       5434      55      
5600    50    0.009     5843       236      55      
5700    50    0.066101     12979       7016      55      
5800    50    0.0366     7787       1509      55      
5900    50    0.039701     16565       10699      55      
6000    50    0.0213     6803       516      55      
6100    50    0.020401     8221       1794      55      
6200    50    0.0457     16384       9340      55      
6300    50    0.041901     15110       8389      55      
6400    50    0.047399     12254       5764      55      
6500    50    0.0631     23848       17344      55      
6600    50    0.009899     7228       611      55      
6700    50    0.1299     15874       9092      55      
6800    50    0.0772     17595       9713      55      
6900    50    0.089601     28178       21318      55      
7000    50    0.020501     8749       1330      55      
7100    50    0.088     22309       15055      55      
7200    50    0.0307     7906       741      55      
7300    50    0.057899     18057       10792      55      
7400    50    0.0955     15482       7959      55      
7500    50    0.1042     13386       5774      55      
7600    50    0.0688     21655       6309      55      
7700    50    0.0376     13004       5365      55      
7800    50    0.0916     12079       4277      55      
7900    50    0.035399     12796       4847      55      
8000    50    0.041999     12394       3915      55      
8100    50    0.042599     11958       3818      55      
8200    50    0.0982     28740       20474      55      
8300    50    0.0707     17586       9111      55      
8400    50    0.0421     12649       4131      55      
8500    50    0.065599     12114       3548      55      
8600    50    0.0422     17848       9279      55      
8700    50    0.0521     14170       5478      55      
8800    50    0.071699     31194       22385      55      
8900    50    0.1039     25757       16551      55      
9000    50    0.0666     23498       14296      55      
9100    50    0.1091     29905       20387      55      
9200    50    0.0938     17847       8557      55      
9300    50    0.0603     20760       11126      55      
9400    50    0.074499     19458       8200      55      
9500    50    0.077401     28534       18658      55      
9600    50    0.026599     10356       589      55      
9700    50    0.050599     13539       3712      55      
9800    50    0.0861     18811       8854      55      
9900    50    0.049599     27380       17191      55      
10000    50    0.0569     16632       6334      55      
