100    50    0.011801     196       109      10      
200    50    0.005199     524       282      10      
300    50    0.0054     1124       664      10      
400    50    0.004599     1045       303      10      
500    50    0.004699     1279       376      10      
600    50    0.008399     1767       1106      10      
700    50    0.0024     862       184      10      
800    50    0.011699     2169       1338      10      
900    50    0.010499     2309       1398      10      
1000    50    0.025199     2235       1187      10      
1100    50    0.009001     2247       839      10      
1200    50    0.0137     3628       1777      10      
1300    50    0.0149     3598       2277      10      
1400    50    0.032999     3399       1781      10      
1500    50    0.017501     5275       3628      10      
1600    50    0.0139     4978       2479      10      
1700    50    0.0203     5192       3384      10      
1800    50    0.0157     5968       4179      10      
1900    50    0.0246     4935       2941      10      
2000    50    0.004001     2107       114      10      
2100    50    0.0164     3327       1228      10      
2200    50    0.0296     3666       1279      10      
2300    50    0.0559     4927       2651      10      
2400    50    0.033701     3997       1593      10      
2500    50    0.0132     4692       1920      10      
2600    50    0.0145     3803       1180      10      
2700    50    0.019099     4593       1875      10      
2800    50    0.0413     5269       2340      10      
2900    50    0.021599     3224       344      10      
3000    50    0.0267     3932       920      10      
3100    50    0.020099     4543       1351      10      
3200    50    0.024201     11418       7975      10      
3300    50    0.017499     4684       1395      10      
3400    50    0.040899     11348       7855      10      
3500    50    0.029     8167       4596      10      
3600    50    0.0196     6211       2412      10      
3700    50    0.014099     5365       948      10      
3800    50    0.0597     7470       3464      10      
3900    50    0.0157     6052       2158      10      
4000    50    0.0519     10792       5155      10      
4100    50    0.0227     8518       4400      10      
4200    50    0.0382     8247       4065      10      
4300    50    0.027     9100       4598      10      
4400    50    0.010201     4822       395      10      
4500    50    0.0277     7020       2321      10      
4600    50    0.0237     9093       4513      10      
4700    50    0.016     5920       1179      10      
4800    50    0.040799     7799       2916      10      
4900    50    0.0528     9768       4466      10      
5000    50    0.021301     7380       2419      10      
5100    50    0.013701     6252       1125      10      
5200    50    0.033201     12218       6812      10      
5300    50    0.0376     11920       6548      10      
5400    50    0.0193     7865       2412      10      
5500    50    0.051899     14308       8757      10      
5600    50    0.0465     14965       9377      10      
5700    50    0.0686     24403       18673      10      
5800    50    0.0424     8903       3073      10      
5900    50    0.0731     20391       14301      10      
6000    50    0.0657     15657       8624      10      
6100    50    0.054401     12859       6600      10      
6200    50    0.0709     27680       20278      10      
6300    50    0.050499     12386       5789      10      
6400    50    0.052     14743       8254      10      
6500    50    0.0825     25253       18118      10      
6600    50    0.0765     22546       15979      10      
6700    50    0.0342     9387       2414      10      
6800    50    0.0301     9795       3024      10      
6900    50    0.06     14510       7422      10      
7000    50    0.0093     7591       418      10      
7100    50    0.024701     8797       1637      10      
7200    50    0.020699     9088       1797      10      
7300    50    0.0324     11076       3682      10      
7400    50    0.018499     7601       158      10      
7500    50    0.062499     22426       14103      10      
7600    50    0.7458     17256       9211      10      
7700    50    0.066499     15746       7872      10      
7800    50    0.116299     17255       9378      10      
7900    50    0.0726     23198       15062      10      
8000    50    0.037     13971       5770      10      
8100    50    0.089401     18486       10253      10      
8200    50    0.035     12249       3903      10      
8300    50    0.064     20134       11742      10      
8400    50    0.0377     12071       3556      10      
8500    50    0.048999     16406       7776      10      
8600    50    0.0806     33733       25070      10      
8700    50    0.051499     13785       4766      10      
8800    50    0.0581     23033       14215      10      
8900    50    0.041399     26839       17869      10      
9000    50    0.0607     13758       4766      10      
9100    50    0.0612     21140       11957      10      
9200    50    0.0305     12146       2892      10      
9300    50    0.1075     27243       17599      10      
9400    50    0.0143     11391       781      10      
9500    50    0.0891     37666       28115      10      
9600    50    0.1152     23615       11270      10      
9700    50    0.127299     30383       20510      10      
9800    50    0.010599     10295       441      10      
9900    50    0.1055     22751       12777      10      
10000    50    0.0688     19080       8959      10      
