100    50    0.0021     241       87      80      
200    50    0.002901     459       133      80      
300    50    0.0037     524       229      80      
400    50    0.004299     929       561      80      
500    50    0.0072     1213       662      80      
600    50    0.0074     1627       1058      80      
700    50    0.003301     798       112      80      
800    50    0.009899     2634       1500      80      
900    50    0.0068     1580       439      80      
1000    50    0.0295     2544       1539      80      
1100    50    0.0119     3166       2040      80      
1200    50    0.013301     2851       1497      80      
1300    50    0.0104     2082       831      80      
1400    50    0.0128     2932       1486      80      
1500    50    0.0072     2263       573      80      
1600    50    0.014     4403       1273      80      
1700    50    0.0083     2366       643      80      
1800    50    0.0062     2219       468      80      
1900    50    0.028199     3434       1495      80      
2000    50    0.0232     4494       2159      80      
2100    50    0.008     2588       513      80      
2200    50    0.025801     6423       4199      80      
2300    50    0.0295     2902       582      80      
2400    50    0.018901     3708       1109      80      
2500    50    0.0404     7150       4697      80      
2600    50    0.034301     4135       1538      80      
2700    50    0.028799     3564       873      80      
2800    50    0.0314     4197       1305      80      
2900    50    0.0273     4216       1199      80      
3000    50    0.0344     9955       4064      80      
3100    50    0.0241     7404       4295      80      
3200    50    0.0326     5448       2118      80      
3300    50    0.063699     4506       1185      80      
3400    50    0.0229     6259       2879      80      
3500    50    0.012999     4824       1178      80      
3600    50    0.038     7583       4011      80      
3700    50    0.050801     11006       7110      80      
3800    50    0.023     6031       2123      80      
3900    50    0.0524     10033       6152      80      
4000    50    0.046     7995       3188      80      
4100    50    0.027701     5811       1722      80      
4200    50    0.043099     7178       2860      80      
4300    50    0.047201     8301       4032      80      
4400    50    0.0632     11934       7402      80      
4500    50    0.044499     14345       9418      80      
4600    50    0.0405     12493       7847      80      
4700    50    0.0423     13994       9258      80      
4800    50    0.035901     7427       2317      80      
4900    50    0.0626     11796       6683      80      
5000    50    0.0144     6799       1721      80      
5100    50    0.048001     10077       4862      80      
5200    50    0.0537     10502       5345      80      
5300    50    0.0817     11288       5891      80      
5400    50    0.0357     10782       5357      80      
5500    50    0.0475     20144       9956      80      
5600    50    0.0438     10739       5063      80      
5700    50    0.0575     14839       9186      80      
5800    50    0.019601     7794       1882      80      
5900    50    0.060501     18291       11865      80      
6000    50    0.0555     13987       7963      80      
6100    50    0.0583     15367       9212      80      
6200    50    0.097499     14099       7911      80      
6300    50    0.0605     17335       10960      80      
6400    50    0.0376     11133       4448      80      
6500    50    0.035701     13907       7297      80      
6600    50    0.0464     10093       3468      80      
6700    50    0.0513     13725       6960      80      
6800    50    0.032201     10594       2829      80      
6900    50    0.056601     11381       4395      80      
7000    50    0.031401     14890       7593      80      
7100    50    0.079899     17091       6949      80      
7200    50    0.0466     15743       8293      80      
7300    50    0.1026     24051       16663      80      
7400    50    0.038599     10177       2711      80      
7500    50    0.0624     13944       6492      80      
7600    50    0.059     17833       10193      80      
7700    50    0.0279     15061       7372      80      
7800    50    0.0647     20820       12757      80      
7900    50    0.040499     20433       12549      80      
8000    50    0.0609     15470       6826      80      
8100    50    0.012299     8939       513      80      
8200    50    0.0482     11927       3711      80      
8300    50    0.134501     19064       10762      80      
8400    50    0.049999     24000       15488      80      
8500    50    0.0324     10862       2268      80      
8600    50    0.0864     31261       22455      80      
8700    50    0.085801     24431       15307      80      
8800    50    0.048199     19895       11006      80      
8900    50    0.0405     10896       1960      80      
9000    50    0.1531     18091       9055      80      
9100    50    0.1138     24014       14485      80      
9200    50    0.0364     14225       4867      80      
9300    50    0.0292     12419       3101      80      
9400    50    0.0385     12681       3177      80      
9500    50    0.0529     14046       4424      80      
9600    50    0.062701     16931       7210      80      
9700    50    0.1225     19111       9343      80      
9800    50    0.0603     18087       8064      80      
9900    50    0.043101     15952       6044      80      
10000    50    0.0342     16653       6250      80      
