100    50    0.0053     191       100      35      
200    50    0.002799     365       168      35      
300    50    0.0056     971       601      35      
400    50    0.0074     1783       1319      35      
500    50    0.004801     765       224      35      
600    50    0.0071     1579       924      35      
700    50    0.0125     2802       2059      35      
800    50    0.0217     1817       986      35      
900    50    0.0089     1844       994      35      
1000    50    0.0091     2039       1038      35      
1100    50    0.0102     1985       730      35      
1200    50    0.017401     3334       2081      35      
1300    50    0.009801     1956       704      35      
1400    50    0.0037     1511       132      35      
1500    50    0.0311     4681       3209      35      
1600    50    0.021399     6780       5151      35      
1700    50    0.0178     6394       4751      35      
1800    50    0.0068     2825       978      35      
1900    50    0.0092     2899       891      35      
2000    50    0.0245     7821       5842      35      
2100    50    0.0144     3978       1799      35      
2200    50    0.013401     2958       794      35      
2300    50    0.0194     5643       3295      35      
2400    50    0.0147     3686       1170      35      
2500    50    0.0316     4152       1267      35      
2600    50    0.0063     3065       293      35      
2700    50    0.0116     5459       2743      35      
2800    50    0.0083     3315       485      35      
2900    50    0.025     5746       2687      35      
3000    50    0.0145     4023       977      35      
3100    50    0.021299     5055       1940      35      
3200    50    0.0327     9425       5957      35      
3300    50    0.056     5708       2408      35      
3400    50    0.0344     8950       5560      35      
3500    50    0.038701     8756       5262      35      
3600    50    0.059501     7871       3955      35      
3700    50    0.040299     7045       3200      35      
3800    50    0.0609     12289       8442      35      
3900    50    0.063899     10295       6412      35      
4000    50    0.028101     7927       3891      35      
4100    50    0.0488     8933       4775      35      
4200    50    0.0466     11508       7038      35      
4300    50    0.047299     9253       4852      35      
4400    50    0.0122     4772       280      35      
4500    50    0.0142     5725       1152      35      
4600    50    0.061799     16647       11152      35      
4700    50    0.0389     6763       2056      35      
4800    50    0.0221     6562       1768      35      
4900    50    0.0206     6112       1081      35      
5000    50    0.0638     14739       9753      35      
5100    50    0.006199     5434       221      35      
5200    50    0.025699     8692       3551      35      
5300    50    0.0359     11708       6340      35      
5400    50    0.0417     8503       3036      35      
5500    50    0.0616     10962       4997      35      
5600    50    0.0578     13777       6515      35      
5700    50    0.0096     6121       268      35      
5800    50    0.064001     12532       6263      35      
5900    50    0.039     10487       4582      35      
6000    50    0.0588     11928       5890      35      
6100    50    0.0403     7707       1553      35      
6200    50    0.0306     8311       2119      35      
6300    50    0.0952     12667       6341      35      
6400    50    0.0204     8099       1654      35      
6500    50    0.0751     14116       7425      35      
6600    50    0.0689     17751       11123      35      
6700    50    0.0222     8333       1571      35      
6800    50    0.027699     7542       797      35      
6900    50    0.049999     12784       5770      35      
7000    50    0.0822     13740       6651      35      
7100    50    0.0379     11655       4557      35      
7200    50    0.0389     10076       2035      35      
7300    50    0.0143     8529       1188      35      
7400    50    0.0911     15693       8285      35      
7500    50    0.061701     10936       3406      35      
7600    50    0.0311     15238       7660      35      
7700    50    0.056099     14939       7227      35      
7800    50    0.100499     32852       24337      35      
7900    50    0.0235     10836       2819      35      
8000    50    0.0513     17227       5719      35      
8100    50    0.0582     16363       8211      35      
8200    50    0.0423     17617       9419      35      
8300    50    0.184     33520       22504      35      
8400    50    0.049901     11943       3235      35      
8500    50    0.148901     25592       16979      35      
8600    50    0.0472     16046       7447      35      
8700    50    0.081199     29789       21006      35      
8800    50    0.058301     18233       9169      35      
8900    50    0.013801     9495       473      35      
9000    50    0.066701     15769       6601      35      
9100    50    0.1257     29022       19643      35      
9200    50    0.074901     16540       7161      35      
9300    50    0.044399     14606       5237      35      
9400    50    0.1145     15617       6139      35      
9500    50    0.0526     15210       5671      35      
9600    50    0.0202     11163       1550      35      
9700    50    0.0764     16925       7160      35      
9800    50    0.0679     18493       8649      35      
9900    50    0.0375     14725       4754      35      
10000    50    0.0644     24086       14091      35      
