100    50    0.012699     220       138      12      
200    50    0.003401     573       295      12      
300    50    0.005501     718       433      12      
400    50    0.0067     1336       721      12      
500    50    0.0064     1060       506      12      
600    50    0.0207     1368       583      12      
700    50    0.008601     2040       1222      12      
800    50    0.0055     1238       308      12      
900    50    0.0075     1490       483      12      
1000    50    0.0273     2576       1538      12      
1100    50    0.0128     3118       1010      12      
1200    50    0.012599     2933       1782      12      
1300    50    0.0281     3349       2024      12      
1400    50    0.011999     2551       680      12      
1500    50    0.018001     5219       3307      12      
1600    50    0.012999     3186       1388      12      
1700    50    0.0303     5627       3909      12      
1800    50    0.006401     2453       442      12      
1900    50    0.0234     4299       2309      12      
2000    50    0.0241     5743       3712      12      
2100    50    0.0416     9016       6972      12      
2200    50    0.0349     5136       2949      12      
2300    50    0.0342     7553       5171      12      
2400    50    0.0402     5426       2996      12      
2500    50    0.0197     7729       5262      12      
2600    50    0.0108     3889       1104      12      
2700    50    0.008     2967       273      12      
2800    50    0.0357     4825       2004      12      
2900    50    0.0091     3795       881      12      
3000    50    0.065899     5830       2802      12      
3100    50    0.0359     8077       5037      12      
3200    50    0.0163     6629       3128      12      
3300    50    0.057     9841       6410      12      
3400    50    0.0293     7559       3367      12      
3500    50    0.0154     4444       999      12      
3600    50    0.0328     5378       1711      12      
3700    50    0.054801     6707       2920      12      
3800    50    0.034     7922       4025      12      
3900    50    0.016601     8756       4716      12      
4000    50    0.0096     4823       882      12      
4100    50    0.011     5058       795      12      
4200    50    0.0117     5353       862      12      
4300    50    0.036     13168       8584      12      
4400    50    0.0447     12149       7483      12      
4500    50    0.065801     10309       5707      12      
4600    50    0.079001     12266       7637      12      
4700    50    0.054201     12766       8106      12      
4800    50    0.0549     14342       9526      12      
4900    50    0.0455     12203       7172      12      
5000    50    0.0491     20967       15923      12      
5100    50    0.027601     10098       5001      12      
5200    50    0.0577     11339       6113      12      
5300    50    0.0508     11771       6471      12      
5400    50    0.0368     10445       5022      12      
5500    50    0.062099     15752       9915      12      
5600    50    0.034899     9728       3895      12      
5700    50    0.0697     16975       11072      12      
5800    50    0.0512     21115       14956      12      
5900    50    0.054901     13001       7088      12      
6000    50    0.093801     13288       6986      12      
6100    50    0.042899     10039       3858      12      
6200    50    0.0336     9675       3450      12      
6300    50    0.019099     8988       2585      12      
6400    50    0.0995     18673       12147      12      
6500    50    0.063501     19497       13014      12      
6600    50    0.044001     10994       4265      12      
6700    50    0.1023     19362       12321      12      
6800    50    0.0419     11461       4443      12      
6900    50    0.0458     12432       3612      12      
7000    50    0.1534     21795       14703      12      
7100    50    0.066699     14012       6771      12      
7200    50    0.0458     10240       3059      12      
7300    50    0.032199     8246       830      12      
7400    50    0.105101     23405       15798      12      
7500    50    0.0855     21950       13247      12      
7600    50    0.039399     12361       4685      12      
7700    50    0.010599     8377       585      12      
7800    50    0.033501     16372       7552      12      
7900    50    0.0377     17413       9446      12      
8000    50    0.1265     14775       6646      12      
8100    50    0.0716     14554       6227      12      
8200    50    0.032101     12999       4670      12      
8300    50    0.0447     11489       2947      12      
8400    50    0.0882     18278       9284      12      
8500    50    0.011     9357       594      12      
8600    50    0.0644     14561       5888      12      
8700    50    0.115901     22741       13639      12      
8800    50    0.043799     24133       14958      12      
8900    50    0.069     21682       12791      12      
9000    50    0.0782     17360       7933      12      
9100    50    0.046799     13177       3917      12      
9200    50    0.0658     25047       15636      12      
9300    50    0.074301     27570       18327      12      
9400    50    0.116701     19076       9579      12      
9500    50    0.0722     19599       10091      12      
9600    50    0.085399     20298       10761      12      
9700    50    0.1266     26170       16335      12      
9800    50    0.055099     18185       8400      12      
9900    50    0.1296     22674       12619      12      
10000    50    0.1142     38784       28532      12      
