100    50    0.002     297       97      83      
200    50    0.0024     308       134      83      
300    50    0.0077     1051       555      83      
400    50    0.0033     950       184      83      
500    50    0.005201     1775       393      83      
600    50    0.0091     1804       1195      83      
700    50    0.0038     870       156      83      
800    50    0.0079     1850       1053      83      
900    50    0.0111     2081       1052      83      
1000    50    0.0099     2210       1056      83      
1100    50    0.0152     2453       1135      83      
1200    50    0.020099     1930       682      83      
1300    50    0.0157     4142       2611      83      
1400    50    0.011901     2850       1278      83      
1500    50    0.0033     1595       125      83      
1600    50    0.004099     1807       127      83      
1700    50    0.024301     4279       2518      83      
1800    50    0.0238     5811       3943      83      
1900    50    0.0142     4160       1951      83      
2000    50    0.020101     4933       2865      83      
2100    50    0.025701     7731       5529      83      
2200    50    0.0318     3654       1368      83      
2300    50    0.0365     5218       2847      83      
2400    50    0.063599     7700       5080      83      
2500    50    0.0148     4917       2304      83      
2600    50    0.038801     6118       3373      83      
2700    50    0.056399     4213       1358      83      
2800    50    0.028399     3946       1046      83      
2900    50    0.018701     5013       2061      83      
3000    50    0.064401     8162       5148      83      
3100    50    0.029     8637       5543      83      
3200    50    0.0153     4373       1155      83      
3300    50    0.0471     9427       4079      83      
3400    50    0.005199     3740       232      83      
3500    50    0.019799     6507       2993      83      
3600    50    0.0066     3996       351      83      
3700    50    0.019     5989       2041      83      
3800    50    0.067301     20215       16115      83      
3900    50    0.0321     9472       5427      83      
4000    50    0.0684     10765       6808      83      
4100    50    0.0167     5549       1448      83      
4200    50    0.0724     7601       3240      83      
4300    50    0.048199     8831       4397      83      
4400    50    0.0501     10919       6503      83      
4500    50    0.038     6813       2233      83      
4600    50    0.0135     5593       1013      83      
4700    50    0.0504     10380       4743      83      
4800    50    0.0388     12953       8173      83      
4900    50    0.0386     6792       1814      83      
5000    50    0.034301     10618       5665      83      
5100    50    0.060599     11431       6373      83      
5200    50    0.013701     6025       877      83      
5300    50    0.072799     17879       12583      83      
5400    50    0.0151     7871       1838      83      
5500    50    0.0519     23284       17750      83      
5600    50    0.0612     16204       9301      83      
5700    50    0.0429     12035       6112      83      
5800    50    0.042899     16195       10195      83      
5900    50    0.022601     7802       1701      83      
6000    50    0.0276     10931       4918      83      
6100    50    0.0752     16992       10783      83      
6200    50    0.0173     7507       1364      83      
6300    50    0.0137     7457       1111      83      
6400    50    0.034301     13428       6859      83      
6500    50    0.0342     9758       2940      83      
6600    50    0.1544     18712       11948      83      
6700    50    0.0122     7626       815      83      
6800    50    0.060399     10024       3157      83      
6900    50    0.0314     9083       2187      83      
7000    50    0.0566     10720       3617      83      
7100    50    0.0243     7722       580      83      
7200    50    0.0555     11713       4418      83      
7300    50    0.0157     9340       1461      83      
7400    50    0.0647     12485       4966      83      
7500    50    0.0629     20234       12668      83      
7600    50    0.0565     13440       5870      83      
7700    50    0.0698     26779       18952      83      
7800    50    0.0353     11729       3846      83      
7900    50    0.077701     26635       18762      83      
8000    50    0.040101     14043       6079      83      
8100    50    0.074901     11547       3330      83      
8200    50    0.064699     11690       3446      83      
8300    50    0.0634     18461       9247      83      
8400    50    0.0538     14203       5862      83      
8500    50    0.085499     18428       7977      83      
8600    50    0.024599     10888       2155      83      
8700    50    0.018299     10631       1877      83      
8800    50    0.047599     11281       2436      83      
8900    50    0.0981     18011       8232      83      
9000    50    0.1071     17022       8025      83      
9100    50    0.0565     15216       6071      83      
9200    50    0.011999     9797       591      83      
9300    50    0.0632     22997       13325      83      
9400    50    0.103001     23875       14444      83      
9500    50    0.026599     10302       347      83      
9600    50    0.043401     15317       3526      83      
9700    50    0.0957     22226       12485      83      
9800    50    0.066901     25252       15453      83      
9900    50    0.0917     31592       21318      83      
10000    50    0.0706     22586       12299      83      
