100    50    0.002601     486       207      72      
200    50    0.003499     594       297      72      
300    50    0.003799     590       277      72      
400    50    0.005801     1038       520      72      
500    50    0.006999     1369       748      72      
600    50    0.0071     1365       464      72      
700    50    0.0079     1615       960      72      
800    50    0.010599     2373       1508      72      
900    50    0.0249     2536       1584      72      
1000    50    0.0055     1379       285      72      
1100    50    0.018399     4385       2021      72      
1200    50    0.0063     1579       434      72      
1300    50    0.0148     4004       2132      72      
1400    50    0.0145     3198       1777      72      
1500    50    0.0092     2476       986      72      
1600    50    0.0228     2849       841      72      
1700    50    0.004001     1931       141      72      
1800    50    0.0224     5876       3817      72      
1900    50    0.017199     6462       4525      72      
2000    50    0.015     3143       900      72      
2100    50    0.0218     4791       2608      72      
2200    50    0.040401     4926       2672      72      
2300    50    0.008801     2881       556      72      
2400    50    0.017499     5315       2867      72      
2500    50    0.0084     3218       561      72      
2600    50    0.0207     4197       1398      72      
2700    50    0.0048     2906       143      72      
2800    50    0.013399     4068       1096      72      
2900    50    0.033301     10794       7369      72      
3000    50    0.034299     4416       1389      72      
3100    50    0.027901     6596       3108      72      
3200    50    0.008501     3878       687      72      
3300    50    0.0534     8690       5328      72      
3400    50    0.011901     4555       1158      72      
3500    50    0.0332     8156       4651      72      
3600    50    0.0625     11546       7822      72      
3700    50    0.034301     11046       7305      72      
3800    50    0.0637     11070       7194      72      
3900    50    0.0267     8242       4247      72      
4000    50    0.0438     7482       3438      72      
4100    50    0.058101     14853       10348      72      
4200    50    0.005001     4259       107      72      
4300    50    0.022     6856       2422      72      
4400    50    0.0899     8781       4289      72      
4500    50    0.0403     9565       5097      72      
4600    50    0.057599     13074       8482      72      
4700    50    0.0742     13605       8465      72      
4800    50    0.0535     10967       5838      72      
4900    50    0.048999     8927       4013      72      
5000    50    0.0676     14888       9896      72      
5100    50    0.0524     11703       6483      72      
5200    50    0.013401     5986       577      72      
5300    50    0.048899     7794       2426      72      
5400    50    0.048099     13300       7929      72      
5500    50    0.044001     8841       3061      72      
5600    50    0.060001     10894       5176      72      
5700    50    0.0216     5977       244      72      
5800    50    0.095699     15919       10139      72      
5900    50    0.0665     15203       9330      72      
6000    50    0.051501     12749       6524      72      
6100    50    0.010799     6611       368      72      
6200    50    0.080299     17262       10948      72      
6300    50    0.0516     16076       9410      72      
6400    50    0.0181     7646       1091      72      
6500    50    0.0336     12233       5481      72      
6600    50    0.047399     12235       4672      72      
6700    50    0.0677     14544       7700      72      
6800    50    0.0837     21345       10722      72      
6900    50    0.071001     15786       8885      72      
7000    50    0.0296     12560       3785      72      
7100    50    0.0288     11172       3826      72      
7200    50    0.064299     23923       16291      72      
7300    50    0.0186     9238       960      72      
7400    50    0.070901     19348       11714      72      
7500    50    0.0387     13583       5855      72      
7600    50    0.029199     12450       3345      72      
7700    50    0.0457     16326       8572      72      
7800    50    0.041001     13371       5467      72      
7900    50    0.043899     14790       6553      72      
8000    50    0.0675     15014       6613      72      
8100    50    0.049801     14620       5727      72      
8200    50    0.072701     27727       19245      72      
8300    50    0.050601     11333       2934      72      
8400    50    0.1173     24062       15586      72      
8500    50    0.114     20172       11356      72      
8600    50    0.036701     19931       11344      72      
8700    50    0.036901     20201       2763      72      
8800    50    0.0204     10819       1866      72      
8900    50    0.026999     11232       2193      72      
9000    50    0.053899     21186       11855      72      
9100    50    0.0608     17835       8172      72      
9200    50    0.0701     22855       13414      72      
9300    50    0.025901     12923       2772      72      
9400    50    0.177401     33978       24595      72      
9500    50    0.100601     21456       11931      72      
9600    50    0.0513     13342       3724      72      
9700    50    0.0524     16310       6624      72      
9800    50    0.116     36313       26490      72      
9900    50    0.117699     23576       13277      72      
10000    50    0.0196     11264       1041      72      
