100    50    0.002001     371       165      68      
200    50    0.003     417       212      68      
300    50    0.0017     359       101      68      
400    50    0.003199     603       216      68      
500    50    0.006501     1434       945      68      
600    50    0.007299     1280       562      68      
700    50    0.0116     2231       1438      68      
800    50    0.024501     2630       1574      68      
900    50    0.0032     1115       206      68      
1000    50    0.01     1880       729      68      
1100    50    0.021899     1644       541      68      
1200    50    0.0083     1778       524      68      
1300    50    0.0102     2681       1349      68      
1400    50    0.0165     3086       1678      68      
1500    50    0.039999     2694       1209      68      
1600    50    0.0105     2482       902      68      
1700    50    0.033699     6601       4925      68      
1800    50    0.013199     3902       1703      68      
1900    50    0.0147     4824       2529      68      
2000    50    0.013099     3803       1860      68      
2100    50    0.018501     4441       2333      68      
2200    50    0.0243     5644       3344      68      
2300    50    0.032699     7768       5406      68      
2400    50    0.012399     4478       1695      68      
2500    50    0.019201     5120       2583      68      
2600    50    0.026399     6472       3710      68      
2700    50    0.040099     6559       3767      68      
2800    50    0.0085     3154       386      68      
2900    50    0.0162     5210       2300      68      
3000    50    0.055299     5880       2799      68      
3100    50    0.0598     5420       2128      68      
3200    50    0.035401     13924       10763      68      
3300    50    0.0145     4504       1197      68      
3400    50    0.0137     4230       855      68      
3500    50    0.0461     9092       5580      68      
3600    50    0.0226     7950       4321      68      
3700    50    0.0481     13778       10010      68      
3800    50    0.0151     5695       1764      68      
3900    50    0.037099     10725       6822      68      
4000    50    0.0519     8333       4383      68      
4100    50    0.0076     4796       501      68      
4200    50    0.0384     6390       2110      68      
4300    50    0.020901     6237       1955      68      
4400    50    0.0307     6310       1568      68      
4500    50    0.029601     7339       2899      68      
4600    50    0.048501     13500       7761      68      
4700    50    0.0464     11602       6944      68      
4800    50    0.0455     11244       6197      68      
4900    50    0.063801     12190       7104      68      
5000    50    0.0495     16818       11808      68      
5100    50    0.011399     5971       857      68      
5200    50    0.031699     7070       1605      68      
5300    50    0.057599     21817       15214      68      
5400    50    0.0129     6755       1395      68      
5500    50    0.0312     9986       4097      68      
5600    50    0.0151     6797       872      68      
5700    50    0.0469     12268       6457      68      
5800    50    0.055899     16442       10059      68      
5900    50    0.0472     10154       4211      68      
6000    50    0.0689     14640       8439      68      
6100    50    0.0683     12407       6147      68      
6200    50    0.0231     8122       1930      68      
6300    50    0.1151     13161       6844      68      
6400    50    0.058199     11797       4866      68      
6500    50    0.0495     8927       2221      68      
6600    50    0.065999     14116       7541      68      
6700    50    0.1498     17851       8790      68      
6800    50    0.074701     14091       7221      68      
6900    50    0.0238     9373       2468      68      
7000    50    0.0277     10271       2582      68      
7100    50    0.055299     10685       3610      68      
7200    50    0.0719     12511       5101      68      
7300    50    0.081699     16189       8211      68      
7400    50    0.0711     20374       12085      68      
7500    50    0.0411     12418       4812      68      
7600    50    0.0704     19760       11991      68      
7700    50    0.0639     13841       5002      68      
7800    50    0.0609     14369       6483      68      
7900    50    0.0355     14205       6251      68      
8000    50    0.0702     17607       9604      68      
8100    50    0.057501     14080       5358      68      
8200    50    0.0428     15273       7011      68      
8300    50    0.099601     17977       9621      68      
8400    50    0.046901     13808       5291      68      
8500    50    0.0692     14817       6083      68      
8600    50    0.0682     16287       7518      68      
8700    50    0.0287     11777       2694      68      
8800    50    0.016201     11044       2104      68      
8900    50    0.0376     12226       3100      68      
9000    50    0.0253     13106       3793      68      
9100    50    0.0153     10036       891      68      
9200    50    0.0608     19709       10466      68      
9300    50    0.010301     9844       416      68      
9400    50    0.123499     22257       12384      68      
9500    50    0.084901     19701       9740      68      
9600    50    0.0562     16033       6374      68      
9700    50    0.0567     18549       8698      68      
9800    50    0.051399     14006       3223      68      
9900    50    0.0754     16826       5407      68      
10000    50    0.048401     24326       14254      68      
