100    50    0.002401     316       123      75      
200    50    0.002201     325       103      75      
300    50    0.005699     855       578      75      
400    50    0.0065     1263       538      75      
500    50    0.005301     1708       423      75      
600    50    0.005599     1192       470      75      
700    50    0.006099     1303       605      75      
800    50    0.007     1702       668      75      
900    50    0.0106     3211       1506      75      
1000    50    0.009601     1943       950      75      
1100    50    0.011401     3920       1832      75      
1200    50    0.034101     3430       2287      75      
1300    50    0.006     1748       451      75      
1400    50    0.013001     4579       3139      75      
1500    50    0.026401     2660       1021      75      
1600    50    0.010101     2868       736      75      
1700    50    0.0161     5532       2171      75      
1800    50    0.048899     4767       2961      75      
1900    50    0.0218     5059       3143      75      
2000    50    0.046     4195       1981      75      
2100    50    0.0247     5699       3634      75      
2200    50    0.0133     3193       840      75      
2300    50    0.043299     5136       2481      75      
2400    50    0.027999     7360       4744      75      
2500    50    0.0404     6011       2392      75      
2600    50    0.027199     6745       4061      75      
2700    50    0.0667     11349       8669      75      
2800    50    0.017701     4548       1401      75      
2900    50    0.047699     9331       6492      75      
3000    50    0.0081     3474       461      75      
3100    50    0.0324     9181       5860      75      
3200    50    0.0069     3665       456      75      
3300    50    0.052999     8540       5099      75      
3400    50    0.0349     9213       5739      75      
3500    50    0.0222     5812       2338      75      
3600    50    0.0344     13232       7688      75      
3700    50    0.0408     12969       9294      75      
3800    50    0.014     4942       1128      75      
3900    50    0.035701     9622       5681      75      
4000    50    0.031199     5648       1674      75      
4100    50    0.0209     4762       625      75      
4200    50    0.013201     5422       1267      75      
4300    50    0.040499     6512       2059      75      
4400    50    0.106199     22039       16999      75      
4500    50    0.043199     10645       6204      75      
4600    50    0.048899     9980       5073      75      
4700    50    0.0605     7439       2537      75      
4800    50    0.0195     6646       1748      75      
4900    50    0.035099     9293       2979      75      
5000    50    0.041501     12078       7061      75      
5100    50    0.042599     8309       2844      75      
5200    50    0.0967     15046       9632      75      
5300    50    0.012801     6385       1079      75      
5400    50    0.0374     11607       6081      75      
5500    50    0.030701     7164       1679      75      
5600    50    0.0127     6448       588      75      
5700    50    0.0779     15999       9391      75      
5800    50    0.057201     8698       2848      75      
5900    50    0.0334     9625       3735      75      
6000    50    0.0767     16059       9575      75      
6100    50    0.0577     13955       7826      75      
6200    50    0.065699     17086       10872      75      
6300    50    0.0788     13445       7106      75      
6400    50    0.0638     19478       11972      75      
6500    50    0.0298     8030       1360      75      
6600    50    0.1093     16712       9993      75      
6700    50    0.055401     11849       5156      75      
6800    50    0.0477     10562       3731      75      
6900    50    0.0474     10591       3732      75      
7000    50    0.049299     13745       6484      75      
7100    50    0.0248     9633       2313      75      
7200    50    0.0116     8317       996      75      
7300    50    0.0602     13985       6593      75      
7400    50    0.060099     10450       2856      75      
7500    50    0.043199     11753       4241      75      
7600    50    0.0435     13675       5834      75      
7700    50    0.070901     17447       9717      75      
7800    50    0.095901     16708       8449      75      
7900    50    0.0703     26140       17978      75      
8000    50    0.0598     18271       10297      75      
8100    50    0.066299     23811       7685      75      
8200    50    0.066     20037       11778      75      
8300    50    0.0567     16593       8313      75      
8400    50    0.0587     18443       9722      75      
8500    50    0.0877     16552       7879      75      
8600    50    0.079     19870       10882      75      
8700    50    0.0451     13644       4927      75      
8800    50    0.042901     16585       5016      75      
8900    50    0.1228     27672       18442      75      
9000    50    0.073301     19782       10570      75      
9100    50    0.0504     18348       9313      75      
9200    50    0.061701     23548       14333      75      
9300    50    0.057499     20252       10859      75      
9400    50    0.0788     16951       7278      75      
9500    50    0.046999     12876       3304      75      
9600    50    0.1057     26832       17127      75      
9700    50    0.0878     32073       22217      75      
9800    50    0.2352     34144       24214      75      
9900    50    0.2066     25879       15948      75      
10000    50    0.064001     18056       7815      75      
