100    50    0.0061     162       60      20      
200    50    0.0024     323       125      20      
300    50    0.003299     538       293      20      
400    50    0.0013     399       50      20      
500    50    0.0084     1774       1126      20      
600    50    0.005401     1090       381      20      
700    50    0.021099     1703       395      20      
800    50    0.0167     3106       2270      20      
900    50    0.0111     2653       1793      20      
1000    50    0.004399     1315       256      20      
1100    50    0.0121     2156       936      20      
1200    50    0.027501     2346       1043      20      
1300    50    0.025799     2897       1576      20      
1400    50    0.0103     2130       736      20      
1500    50    0.0042     1563       100      20      
1600    50    0.026401     2140       436      20      
1700    50    0.031599     5731       3601      20      
1800    50    0.020799     4090       2236      20      
1900    50    0.0161     4485       2611      20      
2000    50    0.0318     3295       1275      20      
2100    50    0.0158     4993       2923      20      
2200    50    0.0374     4627       2385      20      
2300    50    0.0128     3278       977      20      
2400    50    0.0313     5095       2371      20      
2500    50    0.020899     4793       2206      20      
2600    50    0.035899     4930       2103      20      
2700    50    0.018401     7001       4298      20      
2800    50    0.0519     13677       8415      20      
2900    50    0.053     8421       4876      20      
3000    50    0.0312     6407       3450      20      
3100    50    0.0233     5569       2391      20      
3200    50    0.0039     3332       122      20      
3300    50    0.0777     15964       11442      20      
3400    50    0.075401     7689       4276      20      
3500    50    0.035699     10988       7441      20      
3600    50    0.024799     4813       1062      20      
3700    50    0.0088     4428       571      20      
3800    50    0.0247     8723       4175      20      
3900    50    0.048699     9913       6023      20      
4000    50    0.058901     8919       4860      20      
4100    50    0.0239     5155       874      20      
4200    50    0.0442     10278       6070      20      
4300    50    0.0101     4842       508      20      
4400    50    0.0464     10731       6158      20      
4500    50    0.0719     9853       5117      20      
4600    50    0.056801     10197       5379      20      
4700    50    0.0512     12373       7322      20      
4800    50    0.0356     9185       4374      20      
4900    50    0.0809     10733       5644      20      
5000    50    0.0455     11413       6385      20      
5100    50    0.0405     14435       9226      20      
5200    50    0.026199     6086       827      20      
5300    50    0.0302     10103       4649      20      
5400    50    0.053     17849       9940      20      
5500    50    0.0998     20068       14537      20      
5600    50    0.048401     13738       8084      20      
5700    50    0.020201     7405       1445      20      
5800    50    0.104301     11942       6087      20      
5900    50    0.0533     10013       4072      20      
6000    50    0.026199     11587       5619      20      
6100    50    0.0704     14051       7970      20      
6200    50    0.0665     24492       16007      20      
6300    50    0.063101     13458       6930      20      
6400    50    0.062901     21612       15097      20      
6500    50    0.0609     12970       6289      20      
6600    50    0.0675     9759       3211      20      
6700    50    0.0216     8437       1334      20      
6800    50    0.0321     13984       7168      20      
6900    50    0.080999     21112       13998      20      
7000    50    0.0719     15969       8925      20      
7100    50    0.082799     24089       16123      20      
7200    50    0.0519     15074       7646      20      
7300    50    0.080899     34401       15265      20      
7400    50    0.0947     24818       17148      20      
7500    50    0.0658     22420       14738      20      
7600    50    0.0393     12621       4292      20      
7700    50    0.041499     11900       4172      20      
7800    50    0.0203     10269       2487      20      
7900    50    0.0534     15684       7539      20      
8000    50    0.0753     18534       10467      20      
8100    50    0.0411     11860       3600      20      
8200    50    0.0525     20621       6733      20      
8300    50    0.023399     8624       310      20      
8400    50    0.1081     16688       8259      20      
8500    50    0.027099     12487       3780      20      
8600    50    0.112199     23135       14322      20      
8700    50    0.0103     9039       269      20      
8800    50    0.049599     21026       11777      20      
8900    50    0.0627     22563       13708      20      
9000    50    0.027601     11328       2207      20      
9100    50    0.0928     23449       14312      20      
9200    50    0.057801     16637       6488      20      
9300    50    0.095699     19198       9639      20      
9400    50    0.0748     23866       14321      20      
9500    50    0.0355     16197       4872      20      
9600    50    0.0926     21118       11359      20      
9700    50    0.0549     14004       4322      20      
9800    50    0.089399     28481       18674      20      
9900    50    0.0732     20746       10611      20      
10000    50    0.0171     11498       1457      20      
