1   45853500    634
2   52779300    529
3   44728600    351
4   26868100    338
5   52162200    525
6   28955000    528
7   64023400    499
8   39478500    359
9   35738200    498
10   58253000    523
11   18854000    483
12   55518900    479
13   66622200    712
14   31793000    511
15   73128300    803
16   16040600    340
17   45081500    487
18   43472500    358
19   26703900    440
20   58990100    687
21   18237900    509
22   56027800    664
23   37464300    406
24   20992600    346
25   40853100    469
26   13892900    356
27   39554100    403
28   80009800    880
29   26977500    476
30   42172700    481
31   16028300    447
32   45501300    556
33   52172600    630
34   26749800    488
35   40954600    482
36   14589400    385
37   38426500    425
38   39504700    454
39   27154600    469
40   57209000    674
41   47092400    559
42   41291100    479
43   41661000    502
44   27869900    493
45   26969300    317
46   32525200    359
47   44921000    570
48   51364200    602
49   22133100    453
50   52120600    639