100     0.0011     1630       523      
200     0.0012     3281       747      
300     2.0E-4     5700       1841      
400     3.0E-4     7711       2181      
500     3.0E-4     9265       2320      
600     2.0E-4     13663       3687      
700     3.0E-4     14832       4257      
800     2.0E-4     18363       5271      
900     5.0E-4     18540       4814      
1000     2.0E-4     21684       5900      
1100     5.0E-4     24187       6235      
1200     2.0E-4     27936       8708      
1300     3.0E-4     31007       7942      
1400     2.0E-4     38104       9331      
1500     2.0E-4     37536       9961      
1600     3.0E-4     42511       9995      
1700     3.0E-4     39900       10342      
1800     3.0E-4     44305       11427      
1900     4.0E-4     51504       13187      
2000     2.0E-4     48657       12709      
2100     2.0E-4     55085       13485      
2200     4.0E-4     55890       16326      
2300     3.0E-4     60953       15755      
2400     2.0E-4     63208       18386      
2500     3.0E-4     61799       17583      
2600     1.0E-4     78020       22167      
2700     4.0E-4     73129       19442      
2800     3.0E-4     74358       20853      
2900     4.0E-4     76734       21307      
3000     4.0E-4     83110       22946      
3100     6.0E-4     83829       20495      
3200     4.0E-4     87221       22275      
3300     4.0E-4     90620       22194      
3400     2.0E-4     95558       23780      
3500     2.0E-4     92343       23882      
3600     2.0E-4     103518       24476      
3700     3.0E-4     102329       24703      
3800     3.0E-4     107535       30337      
3900     3.0E-4     105193       27592      
4000     3.0E-4     121486       36388      
4100     2.0E-4     117822       32331      
4200     5.0E-4     115130       33852      
4300     3.0E-4     122024       35364      
4400     3.0E-4     133026       32987      
4500     4.0E-4     124703       34342      
4600     3.0E-4     124957       34909      
4700     2.0E-4     129614       33206      
4800     2.0E-4     151726       36773      
4900     3.0E-4     134155       35032      
5000     2.0E-4     148996       44509      
5100     2.0E-4     160146       40637      
5200     5.0E-4     150434       40484      
5300     2.0E-4     150491       40911      
5400     3.0E-4     162670       45636      
5500     3.0E-4     163033       44631      
5600     5.0E-4     156133       40752      
5700     4.0E-4     171587       39199      
5800     5.0E-4     170229       44361      
5900     4.0E-4     178802       48997      
6000     3.0E-4     183403       47823      
6100     4.0E-4     175694       44581      
6200     4.0E-4     182010       45070      
6300     2.0E-4     179976       50675      
6400     3.0E-4     191905       47327      
6500     5.0E-4     184875       49745      
6600     4.0E-4     190133       51273      
6700     2.0E-4     203492       58824      
6800     3.0E-4     201847       53355      
6900     3.0E-4     235478       68336      
7000     2.0E-4     214238       63561      
7100     4.0E-4     217394       62683      
7200     2.0E-4     219983       57001      
7300     2.0E-4     214930       51128      
7400     2.0E-4     221611       56719      
7500     3.0E-4     225375       59577      
7600     3.0E-4     229862       65280      
7700     3.0E-4     236050       59491      
7800     3.0E-4     241192       66373      
7900     2.0E-4     237821       66621      
8000     3.0E-4     254471       72389      
8100     3.0E-4     272255       71476      
8200     2.0E-4     250025       70584      
8300     2.0E-4     259809       72262      
8400     3.0E-4     250958       67039      
8500     2.0E-4     265350       68832      
8600     3.0E-4     281062       78069      
8700     3.0E-4     277123       72645      
8800     2.0E-4     270833       78491      
8900     3.0E-4     292897       80196      
9000     3.0E-4     266147       71165      
9100     3.0E-4     285539       70710      
9200     3.0E-4     335667       98486      
9300     3.0E-4     278098       70148      
9400     4.0E-4     289313       75582      
9500     4.0E-4     289312       73678      
9600     4.0E-4     308746       78700      
9700     3.0E-4     303216       82105      
9800     2.0E-4     323897       91587      
9900     2.0E-4     312729       81334      
10000     4.0E-4     320447       78410      
