100     0.0014     996       334      
200     7.0E-4     2432       726      
300     3.0E-4     4027       1132      
400     5.0E-4     5759       1705      
500     3.0E-4     7737       2013      
600     3.0E-4     10007       2635      
700     2.0E-4     12067       3703      
800     3.0E-4     14095       3595      
900     2.0E-4     14573       4143      
1000     3.0E-4     16887       5197      
1100     3.0E-4     18327       5143      
1200     2.0E-4     21730       6136      
1300     3.0E-4     23559       7473      
1400     3.0E-4     27868       8105      
1500     3.0E-4     26697       7642      
1600     3.0E-4     33114       7559      
1700     3.0E-4     30427       8679      
1800     3.0E-4     34616       9209      
1900     4.0E-4     36526       9627      
2000     3.0E-4     37792       10495      
2100     2.0E-4     42130       11139      
2200     2.0E-4     41731       12249      
2300     3.0E-4     43817       12110      
2400     2.0E-4     45705       12939      
2500     3.0E-4     48112       13267      
2600     2.0E-4     53812       16101      
2700     3.0E-4     53041       14999      
2800     3.0E-4     56221       16505      
2900     3.0E-4     59224       17314      
3000     2.0E-4     59528       16576      
3100     4.0E-4     65246       16202      
3200     2.0E-4     68089       16302      
3300     2.0E-4     70091       17717      
3400     2.0E-4     73636       19220      
3500     3.0E-4     73870       20386      
3600     4.0E-4     73800       19876      
3700     4.0E-4     79573       21284      
3800     3.0E-4     81836       23119      
3900     3.0E-4     81903       22446      
4000     2.0E-4     94453       27454      
4100     3.0E-4     86692       22302      
4200     4.0E-4     86866       24048      
4300     3.0E-4     90212       25693      
4400     2.0E-4     101290       30351      
4500     2.0E-4     96610       26672      
4600     2.0E-4     96676       25752      
4700     3.0E-4     99538       26902      
4800     3.0E-4     100798       30512      
4900     3.0E-4     105795       27880      
5000     3.0E-4     117522       29575      
5100     2.0E-4     119045       31060      
5200     9.0E-4     110758       29471      
5300     4.0E-4     115599       32221      
5400     2.0E-4     118346       31946      
5500     2.0E-4     131482       34069      
5600     3.0E-4     122079       32960      
5700     2.0E-4     136260       35317      
5800     2.0E-4     130027       34000      
5900     2.0E-4     137215       37260      
6000     3.0E-4     137011       37655      
6100     3.0E-4     134731       35842      
6200     3.0E-4     139189       38165      
6300     3.0E-4     142574       37323      
6400     2.0E-4     142856       38158      
6500     3.0E-4     146974       37702      
6600     3.0E-4     148319       43587      
6700     5.0E-4     147788       40502      
6800     3.0E-4     150214       39395      
6900     3.0E-4     166322       47024      
7000     2.0E-4     165526       47337      
7100     2.0E-4     166278       44231      
7200     3.0E-4     167647       47065      
7300     2.0E-4     177324       44147      
7400     2.0E-4     174418       47655      
7500     2.0E-4     169942       46623      
7600     3.0E-4     171044       48468      
7700     2.0E-4     172483       47811      
7800     2.0E-4     183668       48465      
7900     2.0E-4     180952       48285      
8000     3.0E-4     191089       53362      
8100     3.0E-4     189417       51428      
8200     2.0E-4     195741       50729      
8300     3.0E-4     192762       51484      
8400     2.0E-4     196846       55354      
8500     3.0E-4     192988       51384      
8600     3.0E-4     198915       51604      
8700     4.0E-4     206114       61128      
8800     1.0E-4     213217       54096      
8900     2.0E-4     218647       58708      
9000     3.0E-4     211545       56967      
9100     3.0E-4     223383       54720      
9200     2.0E-4     219696       59268      
9300     3.0E-4     223330       58984      
9400     3.0E-4     226179       57893      
9500     4.0E-4     229793       60642      
9600     3.0E-4     228349       62397      
9700     3.0E-4     230155       64006      
9800     3.0E-4     235030       62475      
9900     2.0E-4     229800       66549      
10000     2.0E-4     247356       64531      
