45656 234 16126.0 10314.0 1
48920 369 17179.0 11730.0 2
46913 471 17271.0 11163.0 3
43523 272 17126.0 10170.0 4
55121 378 18303.0 12036.0 5
57380 212 17012.0 11875.0 6
54557 406 16927.0 11183.0 7
57054 352 16102.0 10456.0 8
47514 339 17321.0 10934.0 9
59320 354 17282.0 12188.0 10
59280 353 17154.0 12133.0 11
43661 206 16093.0 10659.0 12
53416 348 16819.0 10949.0 13
47702 515 16883.0 10507.0 14
49578 157 16164.0 10878.0 15
50613 346 17176.0 11707.0 16
51573 299 17396.0 12021.0 17
60698 176 17435.0 11836.0 18
51673 296 16968.0 11517.0 19
41307 302 17054.0 10309.0 20
51208 316 17214.0 11337.0 21
43130 290 16807.0 10758.0 22
61972 207 17686.0 11955.0 23
50601 274 17273.0 11303.0 24
44983 254 17014.0 10737.0 25
52547 341 16750.0 11854.0 26
47955 369 16205.0 11080.0 27
51109 287 17024.0 11214.0 28
55554 186 17254.0 11783.0 29
44909 489 16732.0 10414.0 30
56348 476 17777.0 12650.0 31
52374 187 16857.0 11256.0 32
42576 237 17320.0 11389.0 33
39720 386 15779.0 9196.0 34
55790 234 17471.0 11025.0 35
51065 479 17048.0 11395.0 36
54333 300 17444.0 12015.0 37
57612 234 17109.0 10943.0 38
52351 302 16328.0 10572.0 39
65978 169 18237.0 13159.0 40
41367 261 17334.0 10673.0 41
48681 400 16847.0 10865.0 42
50660 308 17139.0 11691.0 43
57965 290 17437.0 12027.0 44
48411 342 17471.0 11558.0 45
49636 187 16894.0 10616.0 46
54484 99 17910.0 12482.0 47
57257 219 17433.0 11966.0 48
51952 444 17583.0 11706.0 49
49867 270 16181.0 10100.0 50
57295 192 17059.0 11377.0 51
53884 316 17915.0 12677.0 52
45215 334 16886.0 10602.0 53
43457 432 15995.0 10173.0 54
47261 322 17363.0 11194.0 55
43075 304 15496.0 9336.0 56
62013 156 16949.0 11852.0 57
50118 294 17584.0 11484.0 58
49621 370 16892.0 11408.0 59
47996 235 16647.0 10631.0 60
49277 357 17832.0 11844.0 61
44353 377 16232.0 9728.0 62
52451 550 17105.0 11454.0 63
57703 213 17653.0 12137.0 64
49634 447 16541.0 10720.0 65
46948 330 16671.0 11191.0 66
59813 227 17261.0 11794.0 67
47029 326 16966.0 10460.0 68
60811 304 17335.0 12342.0 69
56095 178 17185.0 11380.0 70
62367 450 17150.0 11632.0 71
47086 292 16928.0 10736.0 72
40929 432 16876.0 10384.0 73
42487 316 17167.0 10805.0 74
44958 261 15677.0 9861.0 75
50675 307 17400.0 12029.0 76
49228 240 16846.0 11018.0 77
36406 288 16162.0 9915.0 78
47633 392 16606.0 10700.0 79
54416 235 16392.0 10544.0 80
54951 254 16737.0 11002.0 81
43748 199 17144.0 10596.0 82
50671 237 17859.0 11972.0 83
43554 252 16458.0 11226.0 84
44483 170 16811.0 10494.0 85
49784 253 17674.0 11558.0 86
45553 347 16734.0 10439.0 87
46208 306 17620.0 11796.0 88
40725 416 16400.0 10080.0 89
46790 256 16737.0 10834.0 90
51328 252 17713.0 11629.0 91
47447 377 16643.0 10988.0 92
55580 491 17039.0 11404.0 93
59345 185 16737.0 11342.0 94
51959 250 16405.0 10367.0 95
42606 289 16426.0 10140.0 96
46102 229 16539.0 11219.0 97
38524 352 16443.0 10038.0 98
46004 420 16862.0 11082.0 99
60181 291 17140.0 11641.0 100