603 19 346.0 151.0 1
631 27 341.0 150.0 2
594 21 341.0 145.0 3
593 23 339.0 146.0 4
617 27 339.0 147.0 5
608 28 342.0 150.0 6
575 27 336.0 144.0 7
573 25 340.0 148.0 8
610 28 340.0 148.0 9
602 21 340.0 149.0 10
577 32 338.0 147.0 11
614 23 336.0 148.0 12
590 32 341.0 148.0 13
577 25 341.0 147.0 14
584 23 339.0 149.0 15
583 25 338.0 147.0 16
583 24 339.0 145.0 17
608 20 340.0 149.0 18
609 25 342.0 152.0 19
586 25 342.0 148.0 20
574 30 341.0 146.0 21
619 29 341.0 148.0 22
575 26 339.0 147.0 23
572 22 343.0 149.0 24
594 25 341.0 149.0 25
614 20 340.0 151.0 26
595 29 340.0 149.0 27
609 27 342.0 146.0 28
610 26 340.0 150.0 29
606 27 341.0 151.0 30
622 34 341.0 153.0 31
609 29 345.0 150.0 32
585 30 339.0 146.0 33
601 30 336.0 145.0 34
597 26 343.0 150.0 35
627 26 339.0 147.0 36
611 32 341.0 149.0 37
613 17 343.0 148.0 38
600 23 344.0 151.0 39
592 24 339.0 147.0 40
604 12 343.0 151.0 41
580 34 339.0 146.0 42
586 31 340.0 148.0 43
606 31 340.0 148.0 44
585 23 339.0 148.0 45
578 17 338.0 146.0 46
593 21 339.0 150.0 47
613 30 340.0 147.0 48
636 15 340.0 151.0 49
611 31 338.0 150.0 50
589 22 340.0 148.0 51
590 17 344.0 150.0 52
625 30 343.0 151.0 53
583 26 340.0 147.0 54
591 24 338.0 147.0 55
574 24 339.0 148.0 56
604 22 338.0 147.0 57
585 9 338.0 146.0 58
620 25 341.0 151.0 59
596 25 340.0 150.0 60
577 29 339.0 149.0 61
573 27 337.0 148.0 62
635 28 337.0 147.0 63
575 28 341.0 147.0 64
586 23 341.0 149.0 65
620 19 344.0 150.0 66
607 27 340.0 150.0 67
586 31 336.0 146.0 68
622 23 342.0 152.0 69
618 26 342.0 151.0 70
585 11 336.0 144.0 71
583 19 342.0 148.0 72
634 34 341.0 150.0 73
631 21 341.0 152.0 74
596 26 340.0 145.0 75
585 25 340.0 150.0 76
575 23 338.0 144.0 77
607 25 342.0 151.0 78
576 25 341.0 149.0 79
594 21 338.0 148.0 80
590 26 337.0 147.0 81
627 29 344.0 152.0 82
574 31 338.0 145.0 83
596 29 341.0 150.0 84
577 30 343.0 149.0 85
582 25 341.0 150.0 86
578 19 339.0 149.0 87
576 17 342.0 152.0 88
586 26 341.0 150.0 89
595 25 343.0 151.0 90
587 26 343.0 151.0 91
640 25 341.0 149.0 92
605 24 340.0 150.0 93
590 30 343.0 145.0 94
604 24 338.0 150.0 95
616 22 341.0 149.0 96
624 30 345.0 151.0 97
622 17 344.0 150.0 98
609 25 340.0 149.0 99
583 28 338.0 147.0 100