1 298.0 16.0
2 242.0 16.0
3 401.0 16.0
4 285.0 16.0
5 268.0 16.0
6 262.0 16.0
7 208.0 16.0
8 196.0 16.0
9 206.0 16.0
10 207.0 16.0
11 202.0 16.0
12 203.0 16.0
13 206.0 16.0
14 196.0 16.0
15 217.0 16.0
16 205.0 16.0
17 195.0 16.0
18 456.0 16.0
19 211.0 16.0
20 198.0 16.0
21 194.0 16.0
22 256.0 16.0
23 198.0 16.0
24 214.0 16.0
25 206.0 16.0
26 269.0 16.0
27 290.0 16.0
28 188.0 16.0
29 182.0 16.0
30 196.0 16.0
31 189.0 16.0
32 190.0 16.0
33 200.0 16.0
34 305.0 16.0
35 200.0 16.0
36 187.0 16.0
37 187.0 16.0
38 193.0 16.0
39 189.0 16.0
40 200.0 16.0
41 283.0 16.0
42 193.0 16.0
43 197.0 16.0
44 203.0 16.0
45 201.0 16.0
46 190.0 16.0
47 187.0 16.0
48 197.0 16.0
49 195.0 16.0
50 190.0 16.0