1 191.0 14.0
2 228.0 14.0
3 177.0 14.0
4 458.0 14.0
5 175.0 14.0
6 178.0 14.0
7 180.0 14.0
8 172.0 14.0
9 293.0 14.0
10 238.0 14.0
11 242.0 14.0
12 227.0 14.0
13 230.0 14.0
14 255.0 14.0
15 175.0 14.0
16 214.0 14.0
17 262.0 14.0
18 216.0 14.0
19 219.0 14.0
20 168.0 14.0
21 169.0 14.0
22 214.0 14.0
23 173.0 15.0
24 171.0 14.0
25 174.0 14.0
26 157.0 14.0
27 171.0 14.0
28 165.0 14.0
29 218.0 14.0
30 212.0 14.0
31 253.0 14.0
32 164.0 14.0
33 175.0 14.0
34 168.0 14.0
35 180.0 14.0
36 171.0 14.0
37 168.0 14.0
38 166.0 14.0
39 169.0 14.0
40 161.0 14.0
41 163.0 14.0
42 164.0 14.0
43 155.0 14.0
44 156.0 14.0
45 166.0 14.0
46 301.0 14.0
47 169.0 14.0
48 373.0 14.0
49 173.0 15.0
50 165.0 14.0