1 420.0 14.0
2 174.0 14.0
3 249.0 14.0
4 314.0 14.0
5 139.0 14.0
6 144.0 14.0
7 143.0 14.0
8 142.0 14.0
9 144.0 14.0
10 145.0 14.0
11 143.0 14.0
12 142.0 14.0
13 134.0 14.0
14 141.0 14.0
15 135.0 14.0
16 149.0 14.0
17 134.0 14.0
18 142.0 14.0
19 134.0 14.0
20 140.0 14.0
21 137.0 14.0
22 143.0 14.0
23 2992.0 14.0
24 135.0 14.0
25 136.0 14.0
26 141.0 14.0
27 135.0 14.0
28 142.0 14.0
29 136.0 14.0
30 130.0 14.0
31 128.0 14.0
32 179.0 14.0
33 193.0 14.0
34 130.0 14.0
35 126.0 14.0
36 130.0 14.0
37 132.0 14.0
38 132.0 14.0
39 174.0 14.0
40 197.0 14.0
41 118.0 14.0
42 135.0 14.0
43 138.0 14.0
44 136.0 14.0
45 113.0 14.0
46 137.0 14.0
47 128.0 14.0
48 136.0 14.0
49 127.0 14.0
50 137.0 14.0