1 262.0 14.0
2 257.0 14.0
3 253.0 14.0
4 253.0 14.0
5 357.0 15.0
6 260.0 14.0
7 258.0 14.0
8 246.0 14.0
9 250.0 14.0
10 266.0 14.0
11 252.0 14.0
12 254.0 14.0
13 259.0 14.0
14 260.0 15.0
15 253.0 14.0
16 271.0 14.0
17 269.0 15.0
18 419.0 14.0
19 308.0 14.0
20 311.0 14.0
21 250.0 14.0
22 252.0 14.0
23 321.0 14.0
24 256.0 14.0
25 259.0 14.0
26 252.0 14.0
27 450.0 14.0
28 258.0 14.0
29 313.0 14.0
30 335.0 14.0
31 231.0 14.0
32 278.0 14.0
33 381.0 14.0
34 247.0 14.0
35 409.0 14.0
36 234.0 14.0
37 234.0 14.0
38 233.0 14.0
39 238.0 14.0
40 396.0 14.0
41 309.0 14.0
42 239.0 14.0
43 234.0 14.0
44 247.0 14.0
45 228.0 14.0
46 241.0 14.0
47 239.0 14.0
48 367.0 14.0
49 225.0 14.0
50 383.0 14.0