39915 218 11108.0 8055.0 1
33806 289 10690.0 7318.0 2
32640 289 10278.0 6629.0 3
30315 294 10127.0 6592.0 4
35104 219 10830.0 7580.0 5
27793 235 10712.0 7240.0 6
34893 307 10414.0 6865.0 7
35536 229 10293.0 7123.0 8
39153 99 11123.0 8585.0 9
26163 499 10519.0 6706.0 10
30387 311 10338.0 6694.0 11
33678 411 10893.0 7175.0 12
48020 287 10678.0 7880.0 13
36462 276 10427.0 7475.0 14
30795 236 10689.0 7154.0 15
36036 644 10517.0 7079.0 16
35998 99 10304.0 7041.0 17
43068 325 10511.0 8179.0 18
37265 348 10681.0 7342.0 19
30922 423 9960.0 6370.0 20
38086 308 10843.0 7620.0 21
28276 223 10457.0 7026.0 22
45456 284 11342.0 8884.0 23
28466 183 10210.0 6408.0 24
30587 257 10371.0 6613.0 25
27800 161 10704.0 6698.0 26
28651 404 9840.0 5870.0 27
34332 414 10509.0 6846.0 28
29123 435 10265.0 6456.0 29
41898 306 10376.0 8008.0 30
33468 236 10794.0 7916.0 31
29616 318 10475.0 6864.0 32
37907 344 11389.0 8136.0 33
41866 351 10516.0 7340.0 34
32881 212 10743.0 7032.0 35
38805 284 10892.0 8121.0 36
33783 199 10443.0 7548.0 37
32222 343 10989.0 7631.0 38
31302 299 10483.0 6879.0 39
37945 308 11017.0 8358.0 40
30274 275 10248.0 6545.0 41
29758 346 10159.0 6424.0 42
44184 232 10336.0 7398.0 43
30749 343 10434.0 6558.0 44
33587 264 10875.0 7540.0 45
37052 394 10170.0 6958.0 46
31432 334 10468.0 6859.0 47
34471 199 10602.0 7351.0 48
30493 269 10574.0 7028.0 49
37202 311 10688.0 7120.0 50
33811 295 10523.0 7157.0 51
39133 480 10867.0 7641.0 52
37286 310 9985.0 6793.0 53
33095 303 10841.0 7568.0 54
31174 208 10624.0 7034.0 55
39955 319 10403.0 7429.0 56
42771 197 11179.0 8833.0 57
29690 358 10951.0 7765.0 58
42198 336 10508.0 7116.0 59
33635 329 11254.0 7338.0 60
28780 198 10214.0 6730.0 61
30585 385 10185.0 6739.0 62
28867 348 10158.0 6499.0 63
36528 190 11072.0 7767.0 64
28769 253 10204.0 6835.0 65
35359 408 10732.0 7064.0 66
35551 251 10923.0 7657.0 67
29154 195 9996.0 6820.0 68
39208 350 10132.0 7111.0 69
34390 246 10314.0 6984.0 70
31001 290 10636.0 6821.0 71
30244 360 10043.0 6409.0 72
34691 401 10923.0 7206.0 73
32380 229 10831.0 7054.0 74
35886 338 11207.0 7403.0 75
31920 441 9599.0 6453.0 76
43720 343 10353.0 7473.0 77
39513 281 10617.0 7016.0 78
24692 265 9786.0 6419.0 79
33524 273 11394.0 7382.0 80
28946 245 10291.0 6303.0 81
34478 224 10997.0 7709.0 82
32965 247 9376.0 6187.0 83
36990 203 11092.0 7893.0 84
35616 267 10016.0 6414.0 85
35098 226 10924.0 7723.0 86
29108 315 10256.0 6525.0 87
28565 342 10935.0 6848.0 88
45220 213 10852.0 7942.0 89
29900 166 10095.0 6635.0 90
30345 344 11175.0 7595.0 91
36254 230 11479.0 8661.0 92
32678 426 10263.0 6942.0 93
38835 403 10608.0 6949.0 94
26104 518 10145.0 6304.0 95
29743 477 9879.0 6260.0 96
28280 540 10170.0 6361.0 97
37119 215 10776.0 7406.0 98
43179 394 10067.0 7103.0 99
29557 322 10253.0 6813.0 100