744 26 430.0 190.0 1
704 29 431.0 186.0 2
745 32 432.0 189.0 3
734 31 431.0 188.0 4
763 26 429.0 190.0 5
741 19 428.0 190.0 6
757 36 432.0 189.0 7
762 23 431.0 192.0 8
755 31 434.0 191.0 9
735 29 427.0 188.0 10
782 26 431.0 191.0 11
777 24 433.0 193.0 12
767 35 427.0 186.0 13
767 21 431.0 193.0 14
736 32 431.0 189.0 15
751 20 427.0 190.0 16
731 21 430.0 188.0 17
721 27 430.0 190.0 18
750 35 431.0 191.0 19
762 27 434.0 191.0 20
745 20 431.0 190.0 21
740 32 431.0 189.0 22
770 35 433.0 194.0 23
793 32 435.0 191.0 24
745 23 429.0 188.0 25
758 26 432.0 190.0 26
760 30 432.0 191.0 27
756 25 432.0 192.0 28
751 32 427.0 188.0 29
767 22 428.0 188.0 30
766 32 430.0 190.0 31
772 32 433.0 194.0 32
751 27 429.0 190.0 33
744 27 429.0 190.0 34
753 16 431.0 189.0 35
755 21 425.0 189.0 36
733 32 430.0 193.0 37
729 16 427.0 186.0 38
731 34 428.0 186.0 39
760 28 433.0 189.0 40
776 28 431.0 190.0 41
725 18 427.0 188.0 42
743 25 427.0 187.0 43
757 31 432.0 190.0 44
774 20 434.0 195.0 45
759 21 430.0 189.0 46
809 23 429.0 189.0 47
750 29 429.0 188.0 48
741 9 431.0 191.0 49
746 21 435.0 189.0 50
752 29 430.0 191.0 51
747 36 431.0 191.0 52
764 27 429.0 186.0 53
767 28 429.0 192.0 54
711 30 429.0 187.0 55
751 25 427.0 189.0 56
729 20 432.0 189.0 57
742 28 427.0 190.0 58
744 37 431.0 186.0 59
728 18 429.0 191.0 60
783 28 429.0 190.0 61
748 32 430.0 186.0 62
739 27 433.0 187.0 63
767 26 427.0 186.0 64
748 33 429.0 190.0 65
743 23 431.0 189.0 66
737 29 429.0 191.0 67
770 28 436.0 192.0 68
775 34 436.0 192.0 69
721 29 431.0 190.0 70
755 24 431.0 189.0 71
711 34 427.0 191.0 72
748 27 432.0 191.0 73
741 22 428.0 188.0 74
750 22 430.0 190.0 75
791 27 433.0 193.0 76
733 35 431.0 187.0 77
793 25 431.0 188.0 78
737 32 430.0 191.0 79
733 19 434.0 191.0 80
755 25 432.0 189.0 81
745 30 432.0 190.0 82
738 27 431.0 191.0 83
725 24 430.0 189.0 84
774 23 430.0 193.0 85
762 10 430.0 186.0 86
758 20 432.0 193.0 87
750 25 430.0 189.0 88
783 23 431.0 192.0 89
735 37 431.0 192.0 90
737 20 433.0 189.0 91
724 27 432.0 190.0 92
762 23 429.0 189.0 93
781 33 434.0 193.0 94
760 23 431.0 192.0 95
762 33 436.0 191.0 96
751 26 428.0 187.0 97
753 29 429.0 184.0 98
747 29 429.0 191.0 99
758 26 428.0 191.0 100