1   13491800
2   6386299
3   4445000
4   2583700
5   4018500
6   2683200
7   2536200
8   2283500
9   2112800
10   2250399
11   2191100
12   2128701
13   2463100
14   2316399
15   1968001
16   2047000
17   2054400
18   2341400
19   1905201
20   2122600
21   1937101
22   2598300
23   2624600
24   1962800
25   2028300
26   2184301
27   2206201
28   2518500
29   2084000
30   2143899
31   2016001
32   2113600
33   2627700
34   2171700
35   2105700
36   2366799
37   2117001
38   2293200
39   2386001
40   1839299
41   2007000
42   1879000
43   1751500
44   2170000
45   1925401
46   1825700
47   1976000
48   1988400
49   1991400
50   1882400