1    4070    9329900
2    4070    6047299
3    4070    2944900
4    4070    2831300
5    4070    2604900
6    4070    2425200
7    4070    2365900
8    4070    2597400
9    4070    2563900
10    4070    2678001
11    4070    3406801
12    4070    3187199
13    4070    3411500
14    4070    2588399
15    4070    2385100
16    4070    2536301
17    4070    3650500
18    4070    4097500
19    4070    3616600
20    4070    2274100
21    4070    2543000
22    4070    3192899
23    4070    4036500
24    4070    2925300
25    4070    2411800
26    4070    2893000
27    4070    5642501
28    4070    1882699
29    4070    2043300
30    4070    1833599
31    4070    1938600
32    4070    2339299
33    4070    2419100
34    4070    2235599
35    4070    1587800
36    4070    1915700
37    4070    2334601
38    4070    2902001
39    4070    4435000
40    4070    1912099
41    4070    2480699
42    4070    2561999
43    4070    2042499
44    4070    1816299
45    4070    3626100
46    4070    1455300
47    4070    2017001
48    4070    1844699
49    4070    2616499
50    4070    3067500
