1    33    132600
2    33    76200
3    33    77300
4    33    64100
5    33    58100
6    33    73800
7    33    60200
8    33    62900
9    33    51500
10    33    55900
11    33    59800
12    33    79100
13    33    53100
14    33    51000
15    33    34400
16    33    95100
17    33    69900
18    33    39800
19    33    38900
20    33    74000
21    33    26300
22    33    31700
23    33    45900
24    33    101500
25    33    61900
26    33    25400
27    33    30000
28    33    32800
29    33    45900
30    33    34300
31    33    40400
32    33    24900
33    33    37800
34    33    36400
35    33    60600
36    33    34100
37    33    57600
38    33    37200
39    33    23900
40    33    58000
41    33    42000
42    33    35900
43    33    58200
44    33    51300
45    33    18500
46    33    25400
47    33    24100
48    33    33200
49    33    35400
50    33    31900
1    33    136000
1    33    109500
