1000    500   0.0036     9     1
2000    1000   0.0014     10     1
3000    1500   0.0015     11     1
4000    2000   0.0014     11     1
5000    2500   0.0015     12     1
6000    3000   0.0011     12     1
7000    3500   0.0011     12     1
8000    4000   0.001     12     1
9000    4500   0.001     13     1
10000    5000   0.001     13     1
11000    5500   0.0018     13     1
12000    6000   0.0015     13     1
13000    6500   0.0015     13     1
14000    7000   0.0018     13     1
15000    7500   0.0016     13     1
16000    8000   0.0013     13     1
17000    8500   0.0151     14     1
18000    9000   0.0013     14     1
19000    9500   0.0017     14     1
20000    10000   0.0015     14     1
21000    10500   0.0053     14     1
22000    11000   0.0095     14     1
23000    11500   6.0E-4     14     1
24000    12000   6.0E-4     14     1
25000    12500   5.0E-4     14     1
26000    13000   6.0E-4     14     1
27000    13500   4.0E-4     14     1
28000    14000   5.0E-4     14     1
29000    14500   4.0E-4     14     1
30000    15000   5.0E-4     14     1
31000    15500   6.0E-4     14     1
32000    16000   7.0E-4     14     1
33000    16500   6.0E-4     15     1
34000    17000   7.0E-4     15     1
35000    17500   6.0E-4     15     1
36000    18000   7.0E-4     15     1
37000    18500   6.0E-4     15     1
38000    19000   6.0E-4     15     1
39000    19500   7.0E-4     15     1
40000    20000   5.0E-4     15     1
41000    20500   6.0E-4     15     1
42000    21000   6.0E-4     15     1
43000    21500   6.0E-4     15     1
44000    22000   5.0E-4     15     1
45000    22500   6.0E-4     15     1
46000    23000   6.0E-4     15     1
47000    23500   5.0E-4     15     1
48000    24000   6.0E-4     15     1
49000    24500   5.0E-4     15     1
50000    25000   5.0E-4     15     1
51000    25500   7.0E-4     15     1
52000    26000   6.0E-4     15     1
53000    26500   6.0E-4     15     1
54000    27000   6.0E-4     15     1
55000    27500   7.0E-4     15     1
56000    28000   6.0E-4     15     1
57000    28500   6.0E-4     15     1
58000    29000   6.0E-4     15     1
59000    29500   0.0011     15     1
60000    30000   6.0E-4     15     1
61000    30500   6.0E-4     15     1
62000    31000   6.0E-4     15     1
63000    31500   4.0E-4     15     1
64000    32000   5.0E-4     15     1
65000    32500   5.0E-4     15     1
66000    33000   6.0E-4     16     1
67000    33500   5.0E-4     16     1
68000    34000   6.0E-4     16     1
69000    34500   6.0E-4     16     1
70000    35000   0.0062     16     1
71000    35500   8.0E-4     16     1
72000    36000   3.0E-4     16     1
73000    36500   2.0E-4     16     1
74000    37000   3.0E-4     16     1
75000    37500   3.0E-4     16     1
76000    38000   3.0E-4     16     1
77000    38500   3.0E-4     16     1
78000    39000   2.0E-4     16     1
79000    39500   2.0E-4     16     1
80000    40000   3.0E-4     16     1
81000    40500   2.0E-4     16     1
82000    41000   2.0E-4     16     1
83000    41500   3.0E-4     16     1
84000    42000   3.0E-4     16     1
85000    42500   3.0E-4     16     1
86000    43000   3.0E-4     16     1
87000    43500   3.0E-4     16     1
88000    44000   2.0E-4     16     1
89000    44500   3.0E-4     16     1
90000    45000   9.0E-4     16     1
91000    45500   2.0E-4     16     1
92000    46000   2.0E-4     16     1
93000    46500   2.0E-4     16     1
94000    47000   2.0E-4     16     1
95000    47500   2.0E-4     16     1
96000    48000   2.0E-4     16     1
97000    48500   3.0E-4     16     1
98000    49000   3.0E-4     16     1
99000    49500   2.0E-4     16     1
100000    50000   3.0E-4     16     1
