1000    900   0.0032     10     1
2000    1800   0.0016     11     1
3000    2700   0.0014     9     1
4000    3600   0.0013     9     1
5000    4500   0.0013     9     1
6000    5400   0.0013     9     1
7000    6300   0.0016     13     1
8000    7200   0.0012     13     1
9000    8100   0.0014     14     1
10000    9000   0.0012     13     1
11000    9900   0.0013     12     1
12000    10800   0.002     12     1
13000    11700   0.0014     14     1
14000    12600   0.0015     14     1
15000    13500   0.0015     12     1
16000    14400   0.0015     14     1
17000    15300   0.0016     12     1
18000    16200   0.0014     12     1
19000    17100   0.0016     15     1
20000    18000   0.0016     15     1
21000    18900   0.0048     15     1
22000    19800   0.0079     15     1
23000    20700   7.0E-4     14     1
24000    21600   6.0E-4     14     1
25000    22500   5.0E-4     15     1
26000    23400   9.0E-4     15     1
27000    24300   6.0E-4     14     1
28000    25200   7.0E-4     14     1
29000    26100   5.0E-4     14     1
30000    27000   6.0E-4     15     1
31000    27900   5.0E-4     14     1
32000    28800   6.0E-4     15     1
33000    29700   8.0E-4     15     1
34000    30600   8.0E-4     14     1
35000    31500   7.0E-4     15     1
36000    32400   7.0E-4     14     1
37000    33300   7.0E-4     15     1
38000    34200   7.0E-4     14     1
39000    35100   6.0E-4     15     1
40000    36000   5.0E-4     15     1
41000    36900   5.0E-4     15     1
42000    37800   5.0E-4     15     1
43000    38700   6.0E-4     13     1
44000    39600   5.0E-4     15     1
45000    40500   6.0E-4     15     1
46000    41400   6.0E-4     16     1
47000    42300   6.0E-4     15     1
48000    43200   5.0E-4     15     1
49000    44100   6.0E-4     15     1
50000    45000   5.0E-4     16     1
51000    45900   5.0E-4     15     1
52000    46800   6.0E-4     16     1
53000    47700   6.0E-4     15     1
54000    48600   6.0E-4     16     1
55000    49500   0.0012     15     1
56000    50400   0.0252     15     1
57000    51300   7.0E-4     15     1
58000    52200   8.0E-4     15     1
59000    53100   0.0017     13     1
60000    54000   8.0E-4     16     1
61000    54900   9.0E-4     16     1
62000    55800   7.0E-4     15     1
63000    56700   6.0E-4     16     1
64000    57600   7.0E-4     13     1
65000    58500   6.0E-4     13     1
66000    59400   0.0079     16     1
67000    60300   3.0E-4     13     1
68000    61200   4.0E-4     16     1
69000    62100   3.0E-4     16     1
70000    63000   4.0E-4     16     1
71000    63900   3.0E-4     16     1
72000    64800   3.0E-4     16     1
73000    65700   3.0E-4     16     1
74000    66600   2.0E-4     13     1
75000    67500   3.0E-4     13     1
76000    68400   1.0E-4     13     1
77000    69300   3.0E-4     16     1
78000    70200   3.0E-4     16     1
79000    71100   4.0E-4     16     1
80000    72000   4.0E-4     13     1
81000    72900   4.0E-4     13     1
82000    73800   3.0E-4     13     1
83000    74700   3.0E-4     13     1
84000    75600   2.0E-4     13     1
85000    76500   3.0E-4     13     1
86000    77400   2.0E-4     13     1
87000    78300   3.0E-4     13     1
88000    79200   3.0E-4     13     1
89000    80100   4.0E-4     13     1
90000    81000   5.0E-4     13     1
91000    81900   3.0E-4     13     1
92000    82800   3.0E-4     13     1
93000    83700   3.0E-4     16     1
94000    84600   0.0012     16     1
95000    85500   3.0E-4     16     1
96000    86400   3.0E-4     13     1
97000    87300   4.0E-4     13     1
98000    88200   5.0E-4     13     1
99000    89100   4.0E-4     13     1
100000    90000   3.0E-4     13     1
