1000    559   0.0028     10     0
2000    1823   0.0014     12     0
3000    1087   0.0013     12     0
4000    3273   0.0015     12     0
5000    513   0.0016     13     0
6000    1623   0.0012     13     0
7000    321   0.0013     13     0
8000    2363   0.0015     13     0
9000    2149   0.0015     14     0
10000    3775   0.0015     14     0
11000    7899   0.0022     14     0
12000    3805   0.0014     14     0
13000    3461   0.0014     14     0
14000    3559   0.0012     14     0
15000    4917   0.0015     14     0
16000    5331   0.0014     14     0
17000    13411   0.0016     15     0
18000    3315   0.0018     15     0
19000    14111   0.0019     15     0
20000    18779   0.0049     15     0
21000    11375   0.0334     15     0
22000    8173   5.0E-4     15     0
23000    13465   8.0E-4     15     0
24000    21849   7.0E-4     15     0
25000    15661   6.0E-4     15     0
26000    7175   6.0E-4     15     0
27000    10443   6.0E-4     15     0
28000    22835   6.0E-4     15     0
29000    27801   6.0E-4     15     0
30000    25207   6.0E-4     15     0
31000    18113   6.0E-4     15     0
32000    13159   6.0E-4     15     0
33000    24981   7.0E-4     16     0
34000    23859   5.0E-4     16     0
35000    6949   5.0E-4     16     0
36000    29275   6.0E-4     16     0
37000    26693   6.0E-4     16     0
38000    15231   7.0E-4     16     0
39000    23107   7.0E-4     16     0
40000    29235   6.0E-4     16     0
41000    5751   6.0E-4     16     0
42000    22739   7.0E-4     16     0
43000    25091   8.0E-4     16     0
44000    39429   6.0E-4     16     0
45000    24433   6.0E-4     16     0
46000    38553   5.0E-4     16     0
47000    14953   6.0E-4     16     0
48000    8769   6.0E-4     16     0
49000    32911   6.0E-4     16     0
50000    49641   7.0E-4     16     0
51000    37815   6.0E-4     16     0
52000    42307   6.0E-4     16     0
53000    25711   7.0E-4     16     0
54000    20729   7.0E-4     16     0
55000    10939   6.0E-4     16     0
56000    27023   5.0E-4     16     0
57000    35629   6.0E-4     16     0
58000    36063   7.0E-4     16     0
59000    40829   6.0E-4     16     0
60000    10769   6.0E-4     16     0
61000    17037   5.0E-4     16     0
62000    7961   6.0E-4     16     0
63000    36399   6.0E-4     16     0
64000    109   5.0E-4     16     0
65000    42645   8.0E-4     16     0
66000    1987   8.0E-4     17     0
67000    3181   7.0E-4     17     0
68000    17561   7.0E-4     17     0
69000    24045   7.0E-4     17     0
70000    57437   7.0E-4     17     0
71000    39141   7.0E-4     17     0
72000    52453   7.0E-4     17     0
73000    51975   8.0E-4     17     0
74000    32917   6.0E-4     17     0
75000    33353   8.0E-4     17     0
76000    1953   7.0E-4     17     0
77000    371   6.0E-4     17     0
78000    53407   5.0E-4     17     0
79000    41439   6.0E-4     17     0
80000    50527   7.0E-4     17     0
81000    36211   9.0E-4     17     0
82000    80587   7.0E-4     17     0
83000    65983   6.0E-4     17     0
84000    26865   0.001     17     0
85000    46269   5.0E-4     17     0
86000    11529   6.0E-4     17     0
87000    65999   7.0E-4     17     0
88000    32139   5.0E-4     17     0
89000    88109   6.0E-4     17     0
90000    53509   7.0E-4     17     0
91000    69379   7.0E-4     17     0
92000    13649   6.0E-4     17     0
93000    19713   6.0E-4     17     0
94000    47813   6.0E-4     17     0
95000    42295   7.0E-4     17     0
96000    48797   0.0086     17     0
97000    15727   6.0E-4     17     0
98000    92271   6.0E-4     17     0
99000    13007   4.0E-4     17     0
100000    46985   3.0E-4     17     0
