1    100    237   152   25126   8724   2814900
2    100    193   152   25222   8683   2386700
3    100    231   152   25129   8607   3049800
4    100    219   152   25147   8659   1941100
5    100    206   152   25147   8632   1557200
6    100    219   152   25132   8656   1280100
7    100    211   152   25123   8638   1255100
8    100    209   152   25144   8598   1220800
9    100    202   152   25159   8624   1780900
10    100    213   152   25192   8595   1807300
11    100    211   152   25165   8571   1837200
12    100    211   152   25144   8610   1910900
13    100    216   152   25126   8625   1689200
14    100    214   152   25123   8635   1292800
15    100    208   152   25129   8643   1000100
16    100    216   152   25144   8651   1056100
17    100    238   152   25135   8577   996600
18    100    221   152   25156   8596   349000
19    100    222   152   25174   8650   484100
20    100    207   152   25204   8574   492600
21    100    245   152   25165   8664   479600
22    100    223   152   25123   8607   508100
23    100    249   152   25117   8655   508600
24    100    211   152   25138   8706   547600
25    100    223   152   25129   8602   366600
26    100    248   152   25156   8607   381200
27    100    222   152   25138   8607   333200
28    100    228   152   25120   8599   301000
29    100    209   152   25228   8738   720900
30    100    229   152   25147   8616   462400
31    100    238   152   25132   8632   673900
32    100    242   152   25174   8656   459200
33    100    217   152   25123   8691   330000
34    100    215   152   25108   8594   490000
35    100    221   152   25111   8616   433800
36    100    225   152   25078   8574   478600
37    100    238   152   25153   8625   433900
38    100    213   152   25177   8641   1131300
39    100    226   152   25195   8659   461400
40    100    223   152   25126   8684   412900
41    100    207   152   25150   8647   485000
42    100    230   152   25117   8619   367400
43    100    225   152   25120   8646   394200
44    100    206   152   25120   8647   316500
45    100    247   152   25099   8629   351100
46    100    231   152   25150   8677   308500
47    100    209   152   25135   8626   298800
48    100    228   152   25171   8607   288700
49    100    234   152   25198   8644   300900
50    100    234   152   25153   8691   274200
