1    1000    2286   1502   2501593   771333   6402200
2    1000    2205   1502   2501677   771959   9449000
3    1000    2365   1502   2501701   772118   12614900
4    1000    2279   1502   2501824   771764   13475900
5    1000    2272   1502   2501644   772414   11659700
6    1000    2264   1502   2501605   772348   16870000
7    1000    2286   1502   2501776   772046   10492400
8    1000    2248   1502   2501533   772522   10631700
9    1000    2264   1502   2501599   771355   10242900
10    1000    2347   1502   2501569   772395   11684800
11    1000    2340   1502   2501776   771855   10112700
12    1000    2229   1502   2501725   772934   11648600
13    1000    2353   1502   2501728   772133   12226300
14    1000    2301   1502   2501653   772236   11375900
15    1000    2216   1502   2501926   772362   17033000
16    1000    2314   1502   2501986   772044   10039600
17    1000    2246   1502   2501698   771797   9647500
18    1000    2248   1502   2501857   772546   12639100
19    1000    2295   1502   2501722   772218   10988800
20    1000    2317   1502   2501656   771545   11890500
21    1000    2219   1502   2501617   771967   10287800
22    1000    2265   1502   2501845   771573   18293700
23    1000    2367   1502   2501785   772345   11626200
24    1000    2280   1502   2501692   772547   10162800
25    1000    2324   1502   2501722   772282   9781400
26    1000    2287   1502   2501689   772416   8783600
27    1000    2269   1502   2501683   772556   10388400
28    1000    2200   1502   2501944   773324   8837600
29    1000    2313   1502   2501503   771799   15211500
30    1000    2232   1502   2501680   772767   13282400
31    1000    2295   1502   2501650   772713   14579600
32    1000    2283   1502   2501686   772218   18707300
33    1000    2311   1502   2501578   772276   13394100
34    1000    2292   1502   2501635   772340   15072400
35    1000    2291   1502   2501701   771976   14565200
36    1000    2284   1502   2501713   772579   11718200
37    1000    2310   1502   2501548   773015   12090400
38    1000    2356   1502   2501746   773055   10553800
39    1000    2313   1502   2501671   772496   15574700
40    1000    2287   1502   2501641   772088   18167100
41    1000    2265   1502   2501722   772253   15077800
42    1000    2357   1502   2501989   772971   11009200
43    1000    2213   1502   2501599   772627   11216300
44    1000    2330   1502   2501641   771516   11261100
45    1000    2316   1502   2501788   772281   12137100
46    1000    2338   1502   2501638   772710   10928300
47    1000    2271   1502   2501905   771782   11934400
48    1000    2140   1502   2501653   771404   12590500
49    1000    2211   1502   2501758   772435   13194900
50    1000    2192   1502   2501560   772106   10103100
