1    10000    22787   15002   250018615   75716409   1848599900
2    10000    22558   15002   250018375   75714683   1451769100
3    10000    22682   15002   250018183   75719763   1478725300
4    10000    22914   15002   250017478   75720900   1273038000
5    10000    22827   15002   250018108   75721767   1345767500
6    10000    22520   15002   250018072   75726228   1298686600
7    10000    23040   15002   250017805   75713681   1325616100
8    10000    22578   15002   250017520   75716629   1344717200
9    10000    22695   15002   250018468   75720629   1296895300
10    10000    22943   15002   250019107   75723464   1314306700
11    10000    22949   15002   250017883   75719058   1310310600
12    10000    22825   15002   250017679   75718670   1309709300
13    10000    22667   15002   250018699   75722746   1340812200
14    10000    22840   15002   250018006   75713478   957477300
15    10000    22714   15002   250018450   75726228   1280637700
16    10000    22416   15002   250017775   75718680   1336230200
17    10000    22780   15002   250018501   75720498   1297218400
18    10000    22382   15002   250018621   75722059   1303477500
19    10000    22781   15002   250018003   75714621   1314424800
20    10000    22658   15002   250018036   75719439   1328044700
21    10000    22946   15002   250018210   75722984   1320360100
22    10000    22822   15002   250018402   75714905   1300727700
23    10000    22606   15002   250018945   75727592   1325382400
24    10000    22960   15002   250016833   75721290   941265900
25    10000    22926   15002   250017733   75717012   1292094900
26    10000    22737   15002   250018078   75719534   1294269200
27    10000    22552   15002   250019272   75719932   1322204600
28    10000    22637   15002   250018480   75723045   1381915900
29    10000    22949   15002   250017337   75712022   1576525900
30    10000    22904   15002   250018288   75716556   1488335200
31    10000    22897   15002   250017697   75720285   1500271600
32    10000    22696   15002   250019221   75731407   1565231800
33    10000    22851   15002   250017628   75722625   1511179700
34    10000    22776   15002   250017766   75711985   1065684500
35    10000    22920   15002   250018453   75711570   1736703300
36    10000    22474   15002   250018114   75722743   1463199000
37    10000    22941   15002   250018105   75719702   1509872200
38    10000    22666   15002   250018588   75718291   1501289800
39    10000    22605   15002   250018852   75728336   1366563100
40    10000    22473   15002   250018993   75719491   1339557100
41    10000    22851   15002   250018219   75721680   1298473300
42    10000    22539   15002   250018144   75727447   1304045300
43    10000    23129   15002   250018489   75731242   1351243900
44    10000    22481   15002   250018096   75721298   1044560400
45    10000    22786   15002   250018999   75719686   1554957600
46    10000    22719   15002   250018063   75725047   1409807700
47    10000    22745   15002   250017952   75716752   1487429200
48    10000    22887   15002   250018000   75719882   1524381100
49    10000    22793   15002   250017946   75725810   1505955500
50    10000    22622   15002   250018063   75721036   1445228200
