1    20000    45548   30002   1000036615   301870366   4820489700
2    20000    45395   30002   1000036390   301857545   4506107500
3    20000    45615   30002   1000037011   301866876   6176499700
4    20000    45437   30002   1000037347   301871237   6019214000
5    20000    45257   30002   1000036924   301868435   5601266400
6    20000    45741   30002   1000036261   301873914   5584779000
7    20000    45766   30002   1000035808   301856837   4239474400
8    20000    45602   30002   1000037080   301863976   5579480800
9    20000    45744   30002   1000036672   301871244   5620160100
10    20000    45329   30002   1000036144   301856370   5771682000
11    20000    45363   30002   1000037917   301864064   6732330000
12    20000    45158   30002   1000038211   301864914   4492501200
13    20000    45429   30002   1000035976   301854619   6356142200
14    20000    45277   30002   1000036348   301863530   6661925000
15    20000    45495   30002   1000037392   301869006   5736094900
16    20000    45734   30002   1000036039   301871133   6900217500
17    20000    45575   30002   1000037956   301865924   4876783400
18    20000    45396   30002   1000037191   301872946   6573774400
19    20000    45444   30002   1000037008   301850551   5876806000
20    20000    45556   30002   1000037122   301873342   5750360700
21    20000    45326   30002   1000036654   301871544   6413740600
22    20000    45610   30002   1000035883   301869421   4639903400
23    20000    45362   30002   1000036861   301869244   5937694500
24    20000    45429   30002   1000036105   301866254   5626990100
25    20000    45646   30002   1000038373   301869988   5690225700
26    20000    45433   30002   1000037419   301873195   6026221900
27    20000    45574   30002   1000037665   301866029   5547342100
28    20000    45497   30002   1000037938   301862055   5606848900
29    20000    45669   30002   1000037554   301865844   5614960800
30    20000    45392   30002   1000036969   301861059   5591970300
31    20000    45685   30002   1000037518   301871089   5578971100
32    20000    45432   30002   1000038679   301857808   5599593100
33    20000    45687   30002   1000037179   301858903   5837239400
34    20000    45537   30002   1000037698   301861238   6044705900
35    20000    45723   30002   1000036831   301867475   5582785000
36    20000    45515   30002   1000037314   301867597   5581765200
37    20000    45545   30002   1000035511   301860705   5593726900
38    20000    45715   30002   1000037758   301869803   5132171200
39    20000    45397   30002   1000037092   301875932   5592056600
40    20000    45371   30002   1000037182   301871110   5668513900
41    20000    45462   30002   1000036273   301856058   5578798100
42    20000    45645   30002   1000037611   301862575   5827553900
43    20000    45522   30002   1000037824   301865248   4950320300
44    20000    45397   30002   1000038190   301868211   5562174300
45    20000    45829   30002   1000036585   301876218   6228637100
46    20000    45387   30002   1000036831   301866915   5934467900
47    20000    45474   30002   1000038076   301864895   5644384200
48    20000    45448   30002   1000036810   301863347   5423936800
49    20000    45447   30002   1000037023   301866867   6198613400
50    20000    45782   30002   1000036429   301865124   5754945100
