22971 106 6809.0 4589.0 1
17362 104 6566.0 4012.0 2
22002 100 7005.0 4848.0 3
18606 155 6699.0 4500.0 4
22725 99 6738.0 4565.0 5
28423 132 6949.0 4881.0 6
18544 198 6532.0 4100.0 7
22336 213 6753.0 4271.0 8
23999 99 6472.0 4559.0 9
28859 81 7116.0 5243.0 10
24919 97 6667.0 4348.0 11
21367 99 6447.0 4261.0 12
19196 121 6719.0 4478.0 13
19799 114 6992.0 4255.0 14
16593 100 6377.0 3862.0 15
19143 152 6965.0 4522.0 16
21793 114 6447.0 4410.0 17
19858 143 6726.0 4406.0 18
27195 153 6843.0 4625.0 19
26975 94 6957.0 5232.0 20
20726 162 6829.0 4388.0 21
27376 115 7193.0 5357.0 22
20389 146 6909.0 4557.0 23
20812 197 6937.0 4874.0 24
20724 147 6634.0 4489.0 25
24974 142 6861.0 4787.0 26
18304 100 6358.0 4061.0 27
23691 83 6748.0 4644.0 28
20748 159 6647.0 4208.0 29
25841 103 6632.0 4304.0 30
24571 92 6687.0 4831.0 31
20184 143 6615.0 4267.0 32
20960 171 6333.0 4345.0 33
22478 99 6431.0 4386.0 34
18189 235 6761.0 4775.0 35
26241 183 7198.0 5105.0 36
33383 102 7118.0 5707.0 37
20024 120 7055.0 5087.0 38
26076 89 6712.0 4502.0 39
22395 130 6930.0 4452.0 40
22788 114 6841.0 4824.0 41
17845 98 6805.0 4123.0 42
18247 106 6818.0 4481.0 43
18612 96 6429.0 3871.0 44
28942 123 6569.0 4662.0 45
17952 99 6631.0 4319.0 46
20123 142 6851.0 4637.0 47
24199 154 7074.0 4950.0 48
19612 101 6581.0 4292.0 49
23284 98 6589.0 4441.0 50
24018 122 6525.0 4474.0 51
23005 123 7128.0 5169.0 52
23449 94 6714.0 4242.0 53
19310 197 6399.0 4104.0 54
35658 117 7559.0 6147.0 55
19186 107 6766.0 4247.0 56
18104 94 6399.0 4047.0 57
24550 120 6985.0 5014.0 58
17546 138 6497.0 4041.0 59
17813 127 6435.0 4093.0 60
17703 128 6447.0 3869.0 61
29956 108 6977.0 4823.0 62
19088 110 6596.0 4321.0 63
20632 126 6704.0 4326.0 64
22836 126 6408.0 4194.0 65
17861 149 6763.0 4388.0 66
24996 104 6616.0 4727.0 67
22302 99 6814.0 4473.0 68
24283 213 6729.0 4764.0 69
21081 177 6664.0 4657.0 70
22205 157 6742.0 4650.0 71
25430 100 7024.0 4901.0 72
20740 140 7057.0 4857.0 73
22517 124 6633.0 4554.0 74
23707 154 6622.0 4506.0 75
24506 169 6721.0 4610.0 76
23000 100 6950.0 4999.0 77
17362 102 6671.0 4121.0 78
17692 147 6346.0 4130.0 79
20969 99 6487.0 4246.0 80
16383 138 6329.0 3745.0 81
21019 177 6984.0 4616.0 82
19070 93 6322.0 4080.0 83
17346 99 6806.0 4431.0 84
21340 98 6720.0 4461.0 85
27381 176 6942.0 4951.0 86
23637 185 6837.0 4564.0 87
20628 159 7079.0 4799.0 88
20041 112 6580.0 4351.0 89
19940 113 6919.0 4662.0 90
19788 98 6665.0 4232.0 91
25424 121 6850.0 4846.0 92
20541 118 7081.0 4719.0 93
46093 97 7074.0 5878.0 94
21404 98 6615.0 4460.0 95
23002 108 6755.0 4600.0 96
26612 188 6885.0 4879.0 97
19736 124 6921.0 4479.0 98
21236 106 6281.0 3984.0 99
19502 99 6867.0 4465.0 100