1    195194    3318153200
2    195194    2903646700
3    195194    2728263699
4    195194    2695559499
5    195194    2419446100
6    195194    2417208400
7    195194    2434308600
8    195194    2446864500
9    195194    2418003800
10    195194    2422597799
11    195194    2453314000
12    195194    2478278500
13    195194    2439897101
14    195194    2427664400
15    195194    2441829800
16    195194    2483436899
17    195194    2414711799
18    195194    2433686099
19    195194    2468059299
20    195194    2435027100
21    195194    2491244900
22    195194    2470803701
23    195194    2472141700
24    195194    2465944000
25    195194    2774729501
26    195194    2802554101
27    195194    2641615200
28    195194    2668657400
29    195194    2541259500
30    195194    2510233900
31    195194    2479661800
32    195194    2477949100
33    195194    2485285799
34    195194    2484650600
35    195194    2481342400
36    195194    2449963699
37    195194    2461621000
38    195194    2462767399
39    195194    2476797800
40    195194    2461833900
41    195194    2469400200
42    195194    2478403899
43    195194    2469989199
44    195194    2475021300
45    195194    2466372700
46    195194    2453383299
47    195194    2423900200
48    195194    2475101901
49    195194    2696402400
50    195194    2616808400
