1    33    87300
2    33    53600
3    33    52901
4    33    37700
5    33    31400
6    33    36200
7    33    38800
8    33    43600
9    33    51199
10    33    30600
11    33    37900
12    33    35599
13    33    47800
14    33    40700
15    33    44200
16    33    128299
17    33    33600
18    33    26600
19    33    31900
20    33    21100
21    33    25300
22    33    26200
23    33    21399
24    33    61899
25    33    34500
26    33    23700
27    33    22100
28    33    25201
29    33    26100
30    33    24900
31    33    25000
32    33    26000
33    33    24400
34    33    22600
35    33    26199
36    33    26000
37    33    21600
38    33    21600
39    33    21300
40    33    23401
41    33    33900
42    33    21600
43    33    29100
44    33    26500
45    33    18199
46    33    18000
47    33    18401
48    33    23800
49    33    25601
50    33    17300
