1    63305   301825400
2    64003   392958200
3    63467   307703700
4    63271   304251500
5    63866   361347800
6    63405   394780000
7    63301   339603600
8    63180   197535400
9    63170   205359200
10    63213   215808600
11    64458   667086100
12    63322   339803400
13    63473   284062200
14    63487   267176200
15    63110   208038900
16    63046   191014000
17    63305   233683400
18    63420   251727400
19    63353   275705500
20    63577   299314800
21    63141   204077800
22    63378   240042000
23    63300   230707900
24    63399   245392500
25    63168   211417600
26    63548   259476000
27    64047   391146500
28    63424   255393400
29    63590   278047100
30    63046   192635400
31    63343   239595900
32    63253   218596900
33    63539   265677400
34    63183   210919600
35    63841   312064000
36    63436   269804100
37    63400   247481300
38    63365   218139200
39    63760   302077800
40    63600   321587100
41    63260   219417900
42    63444   387634700
43    63628   341040400
44    63516   298907300
45    63496   277666300
46    63271   268319700
47    63656   333789200
48    63536   329779600
49    63339   281163500
50    63536   371566200