1    161964   1492367400
2    161752   1488456600
3    160931   1007477200
4    161892   1492754500
5    161365   1040367900
6    161876   1213794000
7    161407   1172636600
8    161657   1231755600
9    161638   1186068400
10    161448   1139072700
11    161082   1169655400
12    160984   994203000
13    161773   1276753500
14    161163   1078042200
15    161418   1147158200
16    161787   1332912300
17    161501   1139562900
18    162479   1583331000
19    161588   1102974700
20    162364   1431658800
21    161917   1296671700
22    161286   1047931300
23    161181   1026398300
24    161174   986061000
25    161640   1259756300
26    161214   1112303400
27    161600   1114775000
28    161778   1175121000
29    161499   1073396100
30    161962   1312192100
31    161992   1580286800
32    161975   1728316200
33    161396   1798299600
34    161893   1877307600
35    161831   1393427700
36    161323   1325540000
37    161760   1674799700
38    161217   1270382700
39    161357   1297466400
40    160902   1132834500
41    161209   1244614500
42    161827   1657496600
43    162063   1652153500
44    161105   1379866700
45    161664   2680374600
46    161479   1590328200
47    160703   1043918300
48    161553   2992508800
49    161026   1358431600
50    161396   1355332600