1    25   287400
2    28   203500
3    30   60400
4    27   54700
5    28   52400
6    26   62900
7    25   89300
8    25   42100
9    29   120100
10    25   47900
11    26   55900
12    28   52000
13    25   42700
14    25   56700
15    25   23500
16    29   55500
17    30   90800
18    25   18500
19    26   22800
20    27   28500
21    25   23100
22    25   56100
23    26   22800
24    27   101900
25    25   20400
26    27   32000
27    28   23500
28    28   26400
29    25   19600
30    29   96800
31    25   19900
32    27   24200
33    28   22100
34    31   74700
35    25   18900
36    31   73200
37    25   18800
38    26   19300
39    29   30000
40    25   18100
41    29   22400
42    25   17000
43    25   30400
44    25   24200
45    29   35900
46    33   35900
47    29   33400
48    25   15200
49    25   14200
50    26   17300
