1    2646   7590300
2    2637   4095100
3    2715   3765800
4    2634   3260000
5    2690   3844700
6    2608   2994100
7    2707   2831400
8    2598   3381500
9    2706   3149900
10    2652   2884600
11    2685   3516800
12    2617   2780900
13    2722   5270000
14    2704   3850600
15    2667   3287200
16    2643   4333000
17    2629   3329000
18    2617   5908900
19    2654   2637700
20    2654   2333100
21    2601   3108300
22    2636   2895600
23    2670   2274100
24    2657   2563600
25    2602   2091400
26    2646   1698200
27    2640   2824500
28    2645   1869500
29    2558   1491800
30    2567   1571800
31    2632   1876400
32    2604   2156600
33    2684   2205500
34    2681   2003600
35    2690   2475400
36    2624   2028200
37    2617   2562400
38    2639   3105500
39    2602   3067300
40    2673   5191500
41    2560   3400200
42    2649   2902300
43    2601   2703900
44    2558   2073800
45    2633   2750900
46    2617   3637100
47    2689   2982800
48    2613   3505900
49    2636   2460000
50    2666   2466300